CACHE type 5 produced by analog 6.0/Unix. Do not modify or delete!
T	0	0	2314	561	39	290	44268998
D	26379627	26899330
18319	53	2	2	58204
18319	93	1	1	6867
18319	135	2	2	58192
18319	209	28	1	1569809
18320	16	3	3	87351
18321	35	4	4	116468
18323	35	3	3	87327
18324	187	4	4	27462
18325	69	1	1	29267
18327	36	2	2	58234
18327	145	1	0	24
18330	208	1	1	6881
18330	225	1	1	0
18330	280	1	1	6886
18331	24	1	1	6847
18331	184	1	1	6872
18331	262	1	1	6881
18332	22	1	1	6874
18334	2	1	0	24
18334	233	1	1	6848
18335	54	4	4	116456
18337	244	1	1	0
18337	247	1	0	24
18339	248	1	1	6874
18339	282	1	1	6864
18340	4	1	1	6893
18340	28	1	1	6885
18344	36	1	0	24
18344	233	1	1	6896
18345	225	1	1	0
18346	19	1	1	6866
18346	32	1	1	6863
18346	35	1	1	6829
18346	38	1	1	6833
18346	97	1	1	6849
18346	181	1	1	6895
18346	194	1	1	6891
18346	202	1	1	6852
18347	34	1	1	29117
18347	189	1	1	6895
18348	190	1	1	6852
18349	189	1	1	6849
18350	190	1	1	6891
18351	165	1	1	6880
18351	240	1	1	6860
18352	159	1	0	24
18352	165	1	1	6850
18353	166	1	1	6879
18354	165	1	1	6829
18355	166	1	1	6853
18355	176	1	1	6891
18356	165	1	1	6870
18357	131	1	0	24
18357	165	1	1	6860
18358	165	1	1	6869
18358	168	1	1	0
18358	225	1	0	24
18359	166	1	1	6899
18368	25	1	0	24
18369	213	1	1	0
18376	51	1	0	24
18377	14	1	1	0
18377	237	1	1	0
18380	152	1	0	24
18381	181	2	2	13779
18382	204	1	0	24
18384	121	1	0	24
18385	113	1	1	0
18393	183	1	0	24
18393	199	1	1	7170
18393	202	2	1	7230
18393	231	2	0	13755
18393	232	1	0	8125
18393	233	1	0	8027
18393	234	1	0	8034
18393	235	2	0	10071
18393	236	1	0	885
18393	237	1	0	4945
18393	238	2	0	5968
18393	239	1	0	8175
18393	240	3	0	24069
18393	241	3	0	6844
18393	282	1	1	7179
18394	2	1	1	7211
18394	19	1	0	4952
18394	20	1	0	4940
18394	21	1	0	8176
18394	22	1	0	5659
18394	24	1	0	4941
18394	25	1	0	8111
18394	26	1	0	8128
18394	27	1	0	5134
18394	28	1	0	4944
18394	36	1	0	5244
18394	38	1	0	5244
18394	39	1	0	5244
18394	40	1	0	5170
18394	41	1	0	5237
18394	42	2	0	10486
18394	43	1	0	5171
18394	63	1	0	5244
18394	68	1	0	5243
18394	73	1	0	5243
18394	84	1	1	7151
18394	93	1	0	8028
18394	111	1	0	5244
18394	155	1	1	7169
18395	25	1	1	7180
18395	115	1	1	7151
18395	199	1	1	7193
18396	4	1	1	7204
18396	116	1	1	7131
18396	202	2	1	7164
18397	16	1	1	7181
18397	111	1	1	7213
18397	232	1	0	24
18397	280	1	1	7182
18398	89	1	1	7152
18398	199	1	1	7195
18399	9	1	1	7169
18399	103	1	1	7172
18399	195	1	1	7131
18400	11	2	1	7226
18401	21	1	1	7175
18401	126	1	1	7174
18401	227	1	1	7175
18402	77	1	1	7161
18402	190	1	1	7140
18402	240	1	0	5651
18402	248	1	0	5135
18402	258	1	0	4936
18402	268	1	0	890
18402	282	1	0	4945
18403	8	1	1	7167
18403	22	2	0	4976
18403	30	1	0	4940
18403	38	1	0	8101
18403	52	1	0	8019
18403	68	1	0	1015
18403	79	1	0	8126
18403	109	1	1	7193
18403	146	1	0	8039
18403	155	1	0	8188
18403	193	2	1	7206
18403	220	1	1	7201
18403	270	1	1	7198
18403	279	1	0	5658
18404	31	1	1	7170
18404	52	1	0	8024
18404	218	1	0	24
18404	228	1	1	7141
18404	242	1	0	4952
18404	257	1	0	4940
18405	62	1	0	5117
18405	81	1	0	5135
18405	103	1	0	4936
18405	146	1	0	891
18405	168	1	0	4945
18405	190	1	0	1016
18405	264	2	1	7200
18406	82	1	1	7178
18406	252	1	1	7165
18407	68	2	1	7206
18407	177	1	1	7177
18407	274	1	1	7169
18408	92	2	1	7214
18408	200	1	1	7178
18409	21	1	1	7171
18409	127	2	1	7231
18409	234	1	1	7199
18410	54	1	1	7196
18410	164	2	1	7231
18410	273	1	1	7172
18411	98	1	1	7170
18411	207	2	1	7188
18412	30	1	1	7161
18412	144	1	1	7211
18412	254	2	1	7224
18413	76	1	1	7188
18413	193	1	1	7161
18414	21	2	1	7187
18414	134	1	1	7196
18414	250	1	1	7200
18415	73	2	1	7206
18415	185	1	1	7187
18416	15	1	1	7168
18416	131	2	1	7199
18416	244	1	1	7179
18416	251	1	0	8104
18416	252	1	0	8176
18416	253	1	0	8029
18417	57	1	0	5244
18417	59	1	0	5244
18417	61	1	0	5244
18417	65	1	1	7164
18417	146	3	0	16183
18417	147	1	0	8042
18417	148	2	0	16119
18417	149	1	0	7033
18417	150	1	0	5013
18417	153	1	0	5414
18417	154	1	0	5413
18417	155	1	0	5415
18417	156	1	0	5415
18417	157	2	0	10721
18417	158	1	0	7015
18417	159	2	0	10488
18417	160	1	0	5170
18417	162	1	0	7017
18417	163	1	0	7489
18417	169	1	0	5416
18417	171	1	0	8440
18417	172	1	0	7011
18417	174	1	0	5416
18417	175	1	0	5415
18417	177	1	0	5415
18417	178	1	0	5414
18417	179	1	0	7579
18417	180	1	1	7158
18417	185	1	0	8531
18418	7	1	1	7174
18418	115	1	1	7176
18418	234	2	1	7198
18419	56	1	1	7195
18419	209	1	1	7172
18420	42	2	1	7177
18420	149	1	1	7200
18420	280	1	1	7278
18421	105	2	1	7331
18421	213	1	1	7300
18422	40	1	1	7281
18422	148	2	1	7334
18422	263	1	1	7316
18422	286	1	0	24
18423	85	1	1	7270
18423	216	2	1	7301
18424	47	1	1	7266
18424	97	1	0	5658
18424	153	1	1	7271
18425	18	2	0	4976
18425	44	1	0	4940
18425	51	1	1	7294
18425	64	1	0	5117
18425	79	1	0	5135
18425	87	1	0	4936
18425	96	1	0	1019
18425	104	1	0	4939
18425	112	1	0	894
18425	168	1	1	7307
18426	14	1	1	7288
18426	137	2	1	7283
18427	231	1	0	24
18427	233	1	1	7315
18428	59	1	1	7365
18428	193	1	1	7351
18429	38	2	1	7376
18429	176	1	1	7380
18429	198	1	0	8177
18430	37	1	1	7352
18430	53	1	0	24
18430	54	1	0	8624
18430	64	1	0	7605
18430	77	1	0	7029
18430	83	1	0	5039
18430	96	1	0	8100
18430	152	1	1	7389
18430	186	1	0	24
18430	213	1	0	8043
18430	282	1	1	7389
18431	132	2	1	7413
18431	279	1	1	7386
18432	130	1	1	7352
18432	261	2	1	7374
18433	105	1	1	7352
18433	242	1	1	7389
18434	52	1	0	24
18434	53	1	0	5658
18434	103	1	1	7290
18434	134	1	0	7754
18434	153	1	0	5191
18434	194	1	0	4952
18434	222	1	1	7398
18434	238	1	0	4940
18434	253	1	0	5117
18434	259	1	0	5386
18434	268	1	0	4936
18434	276	1	0	1016
18434	285	1	0	4945
18435	64	2	0	916
18435	75	1	1	7402
18436	24	1	1	7404
18436	123	2	1	7428
18436	141	1	0	24
18436	229	1	1	7404
18437	54	1	0	8635
18437	77	1	0	8170
18437	88	1	1	7404
18437	106	1	0	8102
18437	117	1	0	7030
18437	127	2	0	7630
18437	136	1	0	5415
18437	143	1	0	5416
18437	149	1	0	5415
18437	156	1	0	5415
18437	169	1	0	5414
18437	202	1	0	5039
18437	221	1	1	7404
18438	41	1	0	7080
18438	45	1	0	7080
18438	52	1	0	5304
18438	55	1	1	7402
18438	73	1	0	7017
18438	77	1	0	7682
18438	81	1	0	5244
18438	85	1	0	5238
18438	118	1	0	8706
18438	127	2	0	5432
18438	131	1	0	5416
18438	134	1	0	5415
18438	137	1	0	5416
18438	181	1	0	8035
18438	185	1	0	5338
18438	203	1	0	5164
18438	219	1	0	8015
18438	234	1	1	7404
18438	260	1	0	7607
18438	268	1	0	5244
18438	276	1	0	8636
18439	2	1	0	5386
18439	22	1	0	5244
18439	40	1	0	5244
18439	56	1	1	7404
18439	95	1	0	8127
18439	113	1	0	8020
18439	130	1	0	24
18439	190	1	1	7402
18439	241	1	0	5301
18439	277	1	0	5333
18440	177	2	1	7426
18440	256	1	0	5658
18440	278	1	1	7404
18441	92	1	0	4952
18441	134	1	1	7395
18441	159	1	0	5117
18441	172	1	0	5386
18441	184	2	0	4960
18441	197	1	0	4945
18441	222	1	0	4940
18441	246	1	0	7749
18442	28	1	1	7404
18442	95	1	0	1011
18442	159	1	1	7402
18442	198	2	0	913
18443	22	1	1	7402
18443	95	1	0	24
18443	277	2	1	7419
18444	11	1	0	7596
18444	62	1	0	5039
18444	261	1	1	7402
18445	123	2	1	7428
18445	158	1	0	7032
18445	202	1	1	7404
18445	226	1	0	8167
18445	247	1	1	7404
18446	74	1	1	7402
18446	205	2	1	7428
18446	235	1	0	8037
18447	79	1	1	7402
18447	138	1	0	5658
18447	216	2	1	7426
18448	11	1	0	5117
18448	59	1	1	7404
18448	86	1	0	4945
18448	112	1	0	7753
18448	173	1	1	7404
18448	207	1	0	5386
18448	287	2	0	8128
18449	63	1	1	7404
18449	95	1	0	4940
18449	126	1	0	4936
18449	183	1	0	1016
18450	4	2	0	917
18450	104	1	1	7402
18450	253	1	1	7404
18451	12	1	1	30817
18451	143	2	1	7426
18451	210	1	0	8632
18451	249	1	0	7021
18452	168	2	1	7428
18453	118	1	1	7402
18453	206	1	0	24
18453	222	2	0	5063
18453	250	1	0	5658
18453	278	1	0	8181
18454	48	1	0	7608
18454	66	1	1	7404
18454	104	1	0	5117
18454	144	1	0	4952
18454	188	1	1	7402
18454	205	1	0	4945
18454	227	2	0	7775
18454	257	1	0	4945
18454	275	1	0	5185
18455	4	1	0	8034
18455	21	1	0	5386
18455	73	1	1	7402
18455	93	1	0	8107
18455	203	1	1	7404
18455	253	2	0	4964
18456	81	1	1	7402
18456	228	1	1	7404
18457	100	2	0	1040
18457	117	1	0	4936
18457	132	1	1	7402
18457	142	1	0	5414
18457	152	1	0	5414
18457	163	1	0	5416
18457	176	1	0	5411
18457	246	1	0	8636
18457	260	1	0	5413
18457	287	1	0	5417
18458	12	1	1	7402
18458	35	1	0	7033
18458	118	2	0	5327
18458	136	1	0	7017
18458	175	1	1	7404
18458	253	1	0	5338
18458	270	1	0	7084
18458	287	1	1	7402
18459	82	1	0	5331
18459	99	1	1	7402
18459	107	1	0	7081
18459	122	2	0	7709
18459	151	1	0	5244
18459	213	1	1	7402
18459	251	1	0	8708
18459	258	1	0	5416
18459	264	1	0	5406
18460	29	1	0	892
18460	35	1	0	7081
18460	59	1	0	5244
18460	64	1	0	5412
18460	111	1	1	7402
18460	117	1	0	5418
18460	124	2	0	5438
18460	152	1	0	5170
18460	192	1	0	8633
18460	230	1	0	5321
18460	238	1	0	5039
18460	254	1	0	5244
18460	263	1	0	5299
18460	273	1	0	7600
18460	282	1	0	5658
18461	13	1	0	5244
18461	31	1	0	5238
18461	50	1	0	24
18461	56	1	0	4946
18461	68	1	1	7402
18461	82	1	0	5244
18461	108	1	0	4945
18461	126	2	0	5410
18461	144	1	0	8103
18461	166	1	0	5117
18461	189	1	1	7404
18461	267	1	0	7747
18462	13	1	0	7606
18462	42	1	1	7404
18462	90	1	0	4940
18462	217	2	1	7419
18463	19	1	1	7402
18463	97	1	1	7404
18463	232	2	0	4960
18463	254	1	1	7402
18464	11	1	0	8634
18464	97	1	1	7402
18464	150	1	0	7026
18464	155	1	1	7395
18464	205	1	0	1017
18464	225	1	1	7404
18465	83	2	1	7426
18465	146	1	1	7404
18465	271	1	1	7402
18466	125	1	1	7404
18466	245	2	1	7428
18467	121	1	0	887
18467	166	1	0	5658
18467	213	1	1	7402
18467	246	2	0	4969
18468	3	1	0	5111
18468	30	1	0	5386
18468	57	1	0	7746
18468	74	29	1	1571454
18468	75	15	1	477712
18468	76	50	2	2012446
18468	77	18	1	1268658
18468	82	1	1	7401
18468	83	1	1	7402
18468	84	1	1	7397
18468	89	1	1	7400
18468	117	1	0	5036
18468	150	1	0	7646
18468	183	1	0	4952
18468	227	1	0	4940
18468	262	2	1	7421
18469	181	1	1	7400
18469	211	1	0	8102
18470	56	2	1	7421
18470	76	1	0	4936
18470	96	1	0	8596
18470	100	1	0	24
18470	189	1	1	7397
18471	29	1	1	7393
18471	57	2	0	7067
18471	158	1	1	7397
18471	186	1	0	24
18471	282	1	1	7400
18472	45	1	0	1014
18472	145	2	1	7424
18473	12	1	1	7397
18473	84	1	0	24
18473	169	2	1	7424
18474	41	1	0	5658
18474	90	1	1	7400
18474	116	1	0	4945
18474	145	1	0	7667
18474	174	2	0	5101
18474	196	1	0	5359
18474	221	1	0	887
18474	234	1	0	5021
18474	246	1	1	7370
18474	253	1	1	7375
18474	260	1	0	7599
18474	268	1	0	24
18474	274	1	0	6720
18475	9	46	1	3067522
18475	10	19	1	399015
18475	11	1	0	29
18475	12	6	0	10267
18475	17	1	0	8361
18475	28	1	0	8208
18475	39	1	0	4911
18475	74	1	0	4894
18475	102	1	0	4809
18475	130	1	1	7440
18475	149	1	0	5151
18475	152	1	0	4804
18475	160	1	0	6722
18475	176	2	0	6746
18475	192	1	0	6722
18475	208	1	0	6716
18475	227	1	0	6721
18476	16	1	1	32440
18476	31	1	1	7448
18476	52	1	0	8014
18476	56	1	0	6889
18476	58	1	0	6889
18476	96	1	0	24
18476	168	1	1	7448
18476	216	29	1	1571490
18476	217	9	0	411888
18476	218	1	0	24
18476	222	22	1	677344
18476	223	1	0	4898
18476	247	1	0	491448
18477	37	1	1	7462
18477	40	6	2	27486
18477	87	1	0	6720
18477	103	1	0	5387
18477	119	1	0	5389
18477	128	1	0	5376
18477	129	1	0	5386
18477	186	1	1	7462
18477	226	2	0	5405
18477	231	1	0	7008
18477	234	1	0	6892
18477	267	1	0	5382
18478	102	1	1	7482
18478	103	1	0	24
18479	67	1	0	24
18479	232	1	0	24
18480	115	1	1	7456
18480	184	2	0	5310
18480	193	1	0	7688
18480	194	3	0	13411
18480	260	1	0	5617
18480	267	1	0	5204
18481	1	1	0	7664
18481	47	1	0	4913
18481	82	1	0	5359
18481	104	1	0	24
18481	145	1	0	5377
18481	147	1	0	7587
18481	148	1	0	5098
18481	275	2	0	4935
18481	278	1	0	5384
18482	38	1	0	5389
18482	44	1	0	5387
18482	50	1	0	5261
18482	119	1	1	7456
18482	177	1	0	5300
18482	222	2	0	8904
18482	234	1	0	7597
18482	280	2	1	7486
18483	27	1	0	6721
18483	28	1	0	8360
18483	29	1	0	8211
18483	103	1	0	24
18484	0	2	1	7486
18484	1	4	0	26890
18484	2	2	0	11620
18485	221	1	0	24
18486	235	1	0	24
18488	154	1	0	24
18489	276	1	0	24
18492	231	1	1	7465
18494	118	1	0	24
18495	245	1	0	24
18499	0	1	1	0
18499	10	1	1	33246
18500	48	1	1	32990
18502	40	2	0	5175
18502	50	1	0	5391
18502	55	1	0	5376
18502	60	1	0	5388
18502	66	1	0	5385
18502	78	1	1	7453
18502	151	1	0	5151
18502	172	1	0	6893
18502	246	1	1	7462
18502	264	1	0	5387
18502	278	1	0	5387
18503	61	1	0	24
18503	149	1	1	7462
18503	175	1	0	5204
18504	2	1	1	7462
18504	28	1	0	5385
18504	72	2	0	7084
18504	106	1	0	5277
18504	114	1	0	5378
18504	149	1	0	5268
18504	153	1	1	7462
18504	169	1	0	5389
18504	174	1	0	5387
18504	196	1	0	5286
18504	271	1	1	7453
18505	26	1	0	5298
18505	77	2	0	7631
18505	122	1	1	7462
18505	235	1	1	7462
18505	278	1	0	7684
18506	79	2	1	7477
18506	187	1	1	32990
18506	222	2	2	14924
18507	10	1	1	7453
18507	45	1	0	7467
18508	162	1	1	8192
18508	165	1	1	32990
18510	250	1	0	155959
18513	52	2	1	7477
18513	243	1	1	7462
18514	133	2	1	7480
18515	43	1	1	7462
18515	211	2	1	7486
18515	269	1	0	6721
18516	54	1	1	7453
18516	203	1	1	7462
18517	64	2	1	7477
18517	230	1	1	7447
18518	81	2	1	7477
18518	117	1	0	7579
18518	244	1	1	7453
18519	17	1	0	5617
18519	69	1	0	5617
18519	96	2	0	8386
18519	121	1	0	4913
18519	146	1	1	7453
18519	171	1	0	8210
18519	195	1	0	6723
18519	230	1	0	5077
18519	269	1	1	7453
18520	7	1	0	5359
18520	32	1	0	5098
18520	49	1	0	7607
18520	91	1	0	7934
18520	119	2	1	7486
18520	198	1	0	6757
18520	222	1	0	6723
18520	247	1	1	7462
18520	274	1	0	6714
18521	16	1	0	6719
18521	63	1	0	6723
18521	107	1	1	7453
18521	165	2	0	4922
18521	212	1	0	4905
18521	238	1	1	7453
18521	271	1	0	4888
18522	61	1	0	7011
18522	168	2	1	7486
18522	258	1	0	1017
18523	14	1	1	7453
18523	58	1	0	6723
18523	196	2	1	7486
18524	16	1	0	6892
18524	79	1	1	7462
18524	118	1	0	5388
18524	145	1	0	5393
18524	172	1	0	885
18524	191	1	0	5378
18524	237	2	0	5401
18524	257	1	1	7453
18525	45	1	0	5151
18525	106	1	0	5388
18525	171	1	0	5380
18525	200	1	1	7462
18525	234	1	0	7587
18526	32	2	0	8383
18526	85	1	1	7453
18526	128	1	0	7057
18526	154	1	0	5204
18526	172	1	0	5381
18526	182	1	0	6715
18526	220	1	1	7560
18526	227	1	0	5386
18526	248	1	0	5271
18526	266	1	0	5611
18526	279	1	0	5386
18527	73	2	1	7581
18527	141	1	0	6722
18527	225	1	1	7640
18527	231	1	1	36059
18527	265	1	0	6723
18528	73	1	0	8488
18528	76	2	0	4937
18528	79	1	0	5077
18528	82	1	0	5092
18528	85	1	0	7665
18528	91	1	0	5352
18528	96	1	0	7934
18528	105	1	0	6724
18528	133	1	1	7637
18528	151	1	0	5389
18529	15	1	1	7637
18529	36	1	0	6717
18529	88	2	0	5301
18529	98	1	0	5286
18529	107	1	0	6719
18529	111	1	0	7665
18529	121	1	0	5293
18529	126	1	0	7736
18529	140	1	1	7637
18529	217	1	0	7677
18530	11	1	1	7640
18530	156	2	1	7664
18530	200	1	0	4911
18530	245	1	0	7023
18531	7	1	1	7640
18531	57	1	0	4894
18531	107	1	0	4898
18531	172	2	1	7664
18531	262	1	0	1025
18531	287	1	0	7175
18532	28	1	0	5741
18532	59	1	1	8096
18532	72	1	0	24
18532	94	1	0	5735
18532	194	2	1	8120
18532	218	1	0	9005
18532	243	1	0	886
18532	269	1	0	8007
18533	102	1	1	8105
18533	159	1	0	7176
18533	280	2	1	8120
18534	48	1	0	6075
18534	90	1	0	7177
18534	139	1	1	8096
18534	211	1	0	7176
18534	261	1	1	8096
18535	15	2	0	8947
18535	66	1	0	5574
18535	92	1	0	8127
18535	139	1	1	8105
18535	192	1	0	5521
18535	218	1	0	0
18535	247	1	0	5818
18536	18	2	1	8120
18536	207	1	1	8096
18536	226	2	2	16246
18537	96	2	1	8120
18537	221	1	0	5455
18537	262	1	0	8465
18538	17	1	1	8365
18538	66	1	0	5451
18538	118	2	0	7289
18538	144	1	1	8383
18538	163	1	0	5446
18538	183	1	0	7271
18538	204	1	0	7270
18538	225	1	0	7585
18538	285	1	0	7269
18539	73	1	1	8359
18539	135	2	0	9242
18539	243	1	1	8383
18540	11	1	0	1054
18540	74	1	1	8383
18540	117	1	0	7267
18540	159	2	0	8124
18540	248	1	1	8383
18540	283	1	0	914
18541	28	1	0	6170
18541	85	1	0	7271
18541	118	1	1	8365
18541	183	2	0	7289
18542	29	1	1	8383
18542	66	1	0	9094
18542	104	1	0	5672
18542	139	1	0	8268
18542	207	1	0	24
18542	259	1	1	8377
18543	66	1	0	5620
18543	172	1	1	8365
18543	249	2	0	5484
18544	64	1	1	8365
18544	160	1	0	5914
18544	263	2	1	8409
18545	17	1	0	6198
18545	61	1	0	9040
18545	80	1	0	8963
18545	96	1	0	8862
18545	105	1	0	6203
18545	114	1	0	5938
18545	122	1	0	7464
18545	130	1	0	7273
18545	139	1	1	8385
18545	148	1	0	5938
18545	158	1	0	5938
18545	168	1	0	8467
18545	177	1	0	6190
18545	186	1	0	7265
18545	195	1	0	7270
18545	203	1	0	7271
18545	219	1	0	5847
18545	230	1	0	7587
18545	253	1	0	5940
18545	274	2	0	9235
18546	7	1	0	5826
18546	43	1	1	8385
18546	83	1	0	5936
18546	125	1	0	5942
18546	191	1	1	8378
18547	14	2	0	5705
18547	53	1	0	7273
18547	67	1	1	8385
18547	108	1	0	8103
18547	239	1	1	8385
18547	276	1	0	5542
18548	18	2	0	7294
18548	39	1	0	6201
18548	60	1	0	1048
18548	78	1	0	7628
18548	111	1	1	8385
18548	140	1	0	7263
18548	189	1	0	5939
18548	215	1	0	5755
18548	260	1	1	8385
18548	279	1	0	5934
18549	38	2	0	5964
18549	41	1	0	5823
18549	42	1	0	914
18549	43	1	0	9095
18549	102	1	0	5672
18549	129	1	0	8254
18549	181	1	1	8385
18550	10	1	1	8385
18550	68	2	0	8429
18550	88	1	0	8357
18550	198	1	1	8385
18550	261	1	0	5937
18551	59	1	0	5614
18551	73	2	0	6225
18551	109	1	0	5830
18551	144	1	1	8385
18551	169	1	0	6201
18551	228	1	0	8263
18551	284	1	0	5823
18552	48	1	0	5860
18552	78	2	0	5938
18552	79	1	0	6198
18552	102	1	1	8385
18552	117	1	0	7288
18552	148	1	0	5844
18552	198	1	0	7286
18552	207	1	0	9218
18552	217	1	0	7290
18552	226	1	0	6203
18552	244	1	0	9039
18552	253	1	0	6190
18552	272	1	1	40504
18552	280	1	0	8964
18553	0	1	0	8862
18553	9	1	0	7608
18553	18	1	1	8378
18553	71	1	0	7287
18553	87	2	0	8492
18553	106	1	0	5840
18553	180	1	1	8385
18554	52	1	1	8378
18554	93	2	0	7311
18554	132	1	0	5920
18554	194	1	1	8385
18555	2	1	0	8101
18555	40	1	0	6201
18555	108	2	1	8402
18555	159	1	0	5542
18556	25	1	0	7285
18556	90	1	1	8385
18556	144	2	0	5696
18556	178	1	0	1051
18556	219	1	0	8284
18556	222	1	0	1446737
18556	268	1	1	8385
18557	37	1	0	9095
18557	93	1	0	7286
18557	146	2	1	8409
18557	161	1	1	8379
18558	37	1	1	8385
18558	106	1	0	5620
18558	210	2	1	8409
18558	249	1	0	155959
18558	263	1	0	6194
18559	125	1	1	8385
18559	170	1	0	5920
18559	214	2	0	6222
18559	263	1	0	9217
18560	26	1	1	8385
18560	53	1	0	8953
18560	78	1	0	6203
18560	106	1	0	8856
18560	134	1	0	8460
18560	161	1	1	8385
18560	196	1	0	6190
18560	213	1	0	7288
18560	220	1	1	0
18560	230	2	0	7312
18560	247	1	0	9039
18560	282	1	0	7284
18561	28	1	0	7603
18561	61	1	1	8385
18561	104	1	0	7281
18561	147	1	0	7289
18561	253	2	1	8523
18562	33	1	0	8177
18562	99	1	1	8516
18562	143	1	0	5670
18562	188	1	0	6338
18562	286	2	1	8538
18563	64	1	0	7414
18563	183	1	1	8516
18563	246	1	0	8433
18564	22	2	1	8533
18564	51	1	0	24
18564	55	1	0	5799
18564	86	1	0	9170
18564	118	1	0	7405
18564	222	1	1	8514
18564	287	1	0	1047
18565	117	2	1	8537
18565	170	1	0	5744
18566	42	1	1	8512
18566	105	1	0	6329
18566	107	1	0	5901
18566	150	2	0	6009
18566	191	1	1	8510
18566	210	1	0	5989
18566	228	1	0	5876
18566	245	1	0	5992
18566	261	1	0	7525
18566	279	1	0	9280
18567	9	1	0	9017
18567	35	1	0	6318
18567	59	1	0	5991
18567	87	1	1	8516
18567	112	1	0	5992
18567	135	1	0	5985
18567	158	2	0	9112
18567	180	1	0	8530
18567	201	1	0	8933
18567	231	1	1	8508
18567	267	1	0	7410
18568	14	1	0	6315
18568	46	1	0	7409
18568	100	1	0	6047
18568	153	1	1	8515
18568	198	2	0	7437
18568	258	1	0	7412
18569	10	1	1	8515
18569	34	1	0	5805
18569	56	1	0	7736
18569	134	1	0	6212
18569	157	1	1	8507
18569	185	1	0	6218
18569	199	1	0	24
18569	213	1	0	7413
18570	120	1	1	8508
18570	191	55	2	1460433
18570	276	2	1	8540
18571	12	1	0	8426
18571	29	1	0	5880
18571	35	1	0	7689
18571	40	1	0	5987
18571	51	1	0	5990
18571	88	1	0	8554
18571	104	1	0	7934
18571	118	1	0	5155
18571	132	1	0	5261
18571	145	1	0	5012
18571	159	1	1	7332
18571	193	1	0	7223
18571	208	1	0	6472
18571	215	1	0	6474
18571	222	1	0	4976
18571	229	1	0	5670
18571	236	1	0	7146
18571	244	1	0	5666
18572	41	2	1	7349
18572	205	1	1	7336
18572	250	1	0	5261
18572	278	1	0	5037
18573	100	1	0	24
18573	101	1	1	7329
18573	120	1	0	883
18573	139	1	0	5176
18573	157	1	0	5187
18573	204	1	0	7145
18573	217	1	0	7892
18573	230	1	0	5710
18573	243	1	1	7405
18573	264	1	0	5193
18573	284	1	0	5217
18574	16	1	0	7954
18574	69	1	0	7978
18574	92	1	0	5183
18574	114	2	0	7843
18574	134	1	0	5696
18574	143	1	1	7407
18574	243	1	0	7499
18575	5	1	0	6501
18575	24	1	1	7403
18575	111	1	0	5695
18575	171	2	0	6529
18575	231	1	1	7409
18576	58	1	0	6507
18576	93	1	1	7402
18576	157	3	1	8574
18576	168	13	0	132219
18576	244	2	1	7430
18577	95	1	0	6505
18577	110	1	0	6738
18577	126	1	1	7404
18577	156	1	0	5285
18577	183	1	0	6503
18578	13	2	1	7428
18578	54	1	0	7197
18578	99	1	0	8007
18578	153	1	1	7403
18578	182	1	0	5047
18578	209	1	0	5696
18578	219	1	0	6508
18578	242	1	0	6501
18578	266	1	0	5007
18579	1	1	0	7213
18579	28	2	1	7428
18579	73	1	0	5688
18579	191	1	1	7405
18580	84	2	1	7428
18580	122	1	0	5085
18580	173	1	0	6603
18580	174	38	2	6187037
18580	244	1	1	7404
18580	259	1	0	491448
18580	281	1	0	8196
18581	29	1	0	8033
18581	54	1	0	5305
18581	79	1	0	8173
18581	107	2	1	7523
18581	169	1	0	889
18581	202	1	0	5283
18581	234	1	0	8110
18581	271	1	1	7498
18582	6	1	0	6984
18582	28	1	0	6113
18582	49	1	0	6845
18582	154	2	1	7520
18582	268	1	0	6111
18583	4	1	0	4521
18583	39	1	1	7501
18583	151	1	0	6811
18583	248	2	1	7521
18584	43	1	0	6110
18584	121	1	1	42440
18584	132	1	1	7502
18584	213	1	0	6336
18584	258	2	0	6133
18585	2	2	2	17431
18585	38	1	1	7500
18585	97	1	0	8205
18585	136	1	0	6774
18585	184	1	0	4916
18585	233	1	1	7497
18585	257	1	0	5284
18585	282	2	0	4614
18586	19	1	0	4641
18586	41	1	0	6114
18586	63	1	0	6115
18586	88	1	0	6792
18586	154	1	1	7501
18586	216	1	0	5269
18586	282	2	0	6136
18587	22	1	1	7496
18587	220	1	1	7528
18588	44	2	0	4913
18588	151	1	1	7531
18588	162	1	0	155959
18588	240	1	0	8008
18589	68	2	1	7556
18589	97	1	0	6083
18589	119	1	0	4768
18589	123	1	0	4884
18589	125	2	0	10678
18589	126	2	0	11777
18589	127	5	0	28586
18589	128	3	0	20263
18589	129	3	0	18033
18589	216	1	0	6843
18589	255	1	0	889
18590	18	1	1	7533
18590	70	2	0	6105
18590	83	1	0	5287
18590	167	1	1	42272
18590	186	1	1	38067
18590	189	1	1	7531
18591	18	1	0	6951
18591	109	2	1	7556
18591	125	1	1	41862
18591	164	1	0	4727
18591	254	1	1	7529
18592	25	1	0	6082
18592	89	1	0	6318
18592	134	2	1	7551
18592	238	1	0	6771
18592	258	1	0	6958
18592	269	1	1	7534
18593	1	1	0	5278
18593	52	1	0	6836
18593	74	1	0	4798
18593	94	1	0	4900
18593	99	1	0	4639
18593	109	1	0	4582
18593	119	1	0	8214
18593	127	1	0	6079
18593	130	1	0	6082
18593	133	1	1	7530
18593	149	2	0	4908
18593	163	1	0	4882
18593	178	1	0	4761
18594	53	1	1	6947
18594	118	2	2	0
18594	129	1	0	4892
18594	218	2	1	6980
18595	103	1	1	6949
18595	182	1	0	4777
18596	64	2	1	6974
18596	126	1	0	4802
18596	179	1	0	6773
18596	199	1	0	4894
18596	212	1	1	6947
18596	223	1	0	6992
18596	273	1	0	6079
18597	8	1	0	4766
18597	105	2	1	6980
18597	130	1	0	6081
18597	179	1	0	7413
18597	202	1	0	4791
18597	237	1	0	4832
18597	248	1	1	6948
18598	9	1	0	6789
18598	21	1	0	5291
18598	48	1	0	4665
18598	79	1	0	5273
18598	110	2	1	6977
18598	152	1	0	891
18599	38	1	1	6958
18599	114	2	0	7559
18599	261	1	1	6955
18600	31	1	0	6769
18600	123	2	0	5302
18600	169	1	1	6947
18600	177	1	0	6082
18600	186	1	0	6083
18600	194	1	0	7562
18600	203	1	0	6316
18600	211	1	0	4899
18600	220	1	0	5285
18600	228	1	0	6082
18600	244	1	0	5288
18600	259	1	0	6081
18600	274	1	0	7555
18601	0	1	1	6956
18601	25	1	0	4583
18601	49	1	0	7494
18601	216	2	1	6974
18602	153	1	1	6946
18602	226	1	0	155959
18603	16	2	1	6970
18603	172	1	1	6958
18604	68	1	1	40074
18604	143	2	1	6978
18605	13	1	0	6181
18605	201	2	1	6980
18606	20	1	0	6988
18606	84	3	1	8102
18606	89	1	0	6179
18606	122	1	1	6956
18606	139	1	0	7533
18606	156	1	0	5271
18606	172	1	0	6792
18606	195	1	0	6081
18606	217	2	0	5318
18606	267	1	0	886
18607	8	1	0	4668
18607	51	1	0	6103
18607	93	1	1	6938
18607	162	1	0	5274
18607	203	1	0	6776
18607	244	2	0	7595
18607	274	1	0	7539
18608	27	1	1	6937
18608	82	1	0	6105
18608	90	1	0	4648
18608	98	1	0	7394
18608	105	1	0	6107
18608	111	1	0	6103
18608	117	1	0	7468
18608	123	1	0	6106
18608	129	1	0	6104
18608	135	1	0	6308
18608	148	1	0	4907
18608	161	1	0	5201
18608	185	1	0	5193
18608	197	1	1	6939
18608	212	1	0	5289
18609	29	2	0	4621
18609	79	1	0	5290
18609	111	23	0	1107229
18609	122	1	0	0
18609	128	1	1	6945
18609	183	1	0	4896
18610	17	1	1	6936
18610	129	2	0	6381
18610	194	1	1	6947
18610	231	1	0	4805
18611	4	1	0	4901
18611	37	1	0	4896
18611	61	1	0	4893
18611	84	1	1	6940
18611	120	1	0	4895
18611	152	2	0	4919
18611	267	1	0	4782
18612	47	1	1	6937
18612	116	1	0	6187
18630	39	1	1	6944
18630	63	1	0	6772
18630	86	1	0	4649
18630	110	1	0	5288
18630	132	2	0	7421
18630	155	1	0	6105
18630	177	1	0	6106
18630	214	1	1	6947
18630	248	1	0	6105
18630	280	1	0	6106
18631	23	1	0	4896
18631	57	1	0	6106
18631	94	1	0	7536
18631	100	1	1	6943
18631	118	1	0	5284
18631	136	2	0	4621
18631	153	1	0	4904
18631	189	1	0	7469
18631	198	1	1	0
18631	220	1	0	491448
18631	244	1	0	6101
18631	269	1	1	6947
18632	27	1	0	4792
18632	51	1	0	5286
18632	73	1	0	5289
18632	88	1	0	6311
18632	108	1	0	4667
18632	127	1	1	6940
18633	12	17	2	169692
18633	44	3	1	8090
18634	148	1	1	40076
18635	25	1	1	8042
18636	17	2	0	6210
18636	149	1	1	39105
18636	205	37	1	786903
18636	223	11	1	25990
18636	251	1	1	39425
18637	132	1	1	38079
18637	286	2	1	8015
18638	8	1	1	38067
18638	109	1	1	0
18639	3	2	2	15990
18639	107	23	1	126597
18640	285	1	1	39505
18640	287	1	1	39505
18641	1	1	1	39505
18641	207	1	1	39425
18642	162	1	1	39105
18642	222	1	1	38079
18643	44	1	1	38067
18643	103	1	0	24
18643	133	1	1	6911
18643	233	2	1	8011
18644	7	1	1	6908
18644	99	1	0	7420
18644	108	2	0	6335
18644	110	1	0	7502
18644	111	1	0	4756
18644	112	1	0	4672
18644	116	1	0	6654
18644	117	1	0	6141
18644	121	1	0	6731
18644	128	1	0	4765
18644	129	1	0	4742
18644	131	1	0	4862
18644	132	1	0	5261
18644	135	2	0	9608
18644	136	1	0	4750
18644	138	1	0	4771
18644	139	1	0	6916
18644	141	1	0	4867
18644	143	1	0	4769
18644	144	1	0	7489
18644	154	1	0	6804
18644	161	1	1	6907
18644	175	1	0	5261
18644	179	1	0	4876
18644	184	1	0	7379
18644	189	1	0	4873
18644	198	1	0	4752
18644	202	1	0	6073
18644	228	1	0	4629
18644	235	1	0	4743
18644	242	1	0	6856
18644	246	1	0	4753
18644	250	1	0	6070
18644	253	1	0	7533
18644	257	1	0	5247
18644	261	1	0	6078
18644	264	1	0	6071
18644	268	1	0	4853
18644	272	1	0	6074
18644	275	1	0	6074
18644	281	1	1	0
18645	2	1	0	6727
18645	15	1	0	6071
18645	28	1	0	5247
18645	41	1	1	6905
18645	82	1	0	5241
18645	141	2	0	4592
18645	228	1	1	6903
18646	89	1	1	6908
18646	265	2	1	6931
18647	2	2	2	15986
18647	9	2	1	8017
18647	56	1	0	5168
18647	66	1	0	5169
18647	138	1	1	8003
18648	50	2	1	6645
18648	109	1	0	6152
18648	274	1	1	6555
18649	55	2	0	6169
18649	150	1	0	6296
18649	170	1	1	6559
18650	113	2	1	6580
18651	11	1	1	6556
18651	180	2	1	6580
18651	244	1	0	7234
18652	5	1	0	7148
18652	38	1	1	6558
18652	68	1	0	6314
18652	160	1	0	4632
18652	193	2	1	6582
18652	209	1	0	6074
18652	224	1	0	6076
18652	239	1	0	6072
18652	252	1	0	5248
18652	266	1	0	6075
18652	280	1	0	4569
18653	8	1	0	5246
18653	25	1	0	4658
18653	33	1	0	5250
18653	36	2	1	7546
18653	41	1	0	6067
18653	54	1	0	6857
18653	66	1	0	6071
18653	78	1	0	7085
18653	89	1	1	6558
18653	106	1	0	6071
18653	123	1	0	7250
18653	139	1	0	7270
18653	169	1	0	5262
18653	198	2	0	4888
18653	255	1	1	6561
18653	286	1	0	4767
18654	28	1	0	6750
18654	73	1	0	5259
18654	129	1	1	6558
18655	22	2	1	6582
18655	188	1	1	6558
18656	84	2	1	6583
18656	269	1	1	6558
18657	1	1	1	6559
18657	43	2	1	7544
18657	186	2	1	6580
18657	282	2	1	7545
18658	100	1	1	6556
18658	143	1	0	6148
18659	16	2	1	6582
18659	111	1	0	7149
18659	208	1	1	6558
18659	282	1	1	31807
18660	34	2	0	6095
18660	92	1	1	6557
18660	154	1	0	6069
18660	179	1	0	6075
18660	204	1	0	5245
18660	230	1	0	4569
18660	255	1	1	6556
18660	274	1	0	6070
18661	5	1	0	5241
18661	27	1	0	6073
18661	46	2	0	7261
18661	56	1	0	6076
18661	70	1	0	4629
18661	84	1	0	5252
18661	98	1	0	5260
18661	119	1	0	4654
18661	139	1	0	6071
18661	160	1	1	6556
18661	191	1	0	6310
18661	224	1	0	6745
18661	255	2	0	48
18661	264	1	0	6857
18663	215	1	0	5827
18664	57	2	1	7549
18666	271	2	0	48
18666	272	1	1	7523
18667	69	1	1	6558
18668	7	2	0	4887
18668	125	1	0	4746
18668	163	1	0	4772
18668	165	1	0	4867
18668	167	1	0	4757
18668	170	1	0	6920
18668	171	1	0	4745
18668	173	1	0	4755
18668	174	1	0	4771
18668	177	1	0	886
18668	178	1	0	4753
18668	181	1	0	5167
18668	232	1	0	4874
18668	235	1	0	5167
18668	242	1	0	7268
18668	248	1	0	6809
18668	251	1	0	4584
18668	253	1	0	4757
18668	257	2	1	7549
18668	258	1	0	6296
18668	266	1	0	4743
18668	275	1	0	6144
18668	280	1	0	4568
18669	5	1	0	4877
18669	10	2	0	6774
18669	17	1	0	5245
18669	21	1	0	4877
18669	26	1	0	7150
18669	31	1	0	6073
18669	36	1	0	6071
18669	40	1	0	5250
18669	45	1	0	6071
18669	49	1	0	7252
18669	54	1	0	6070
18669	58	1	0	6070
18669	63	1	0	4633
18669	67	1	0	6074
18669	72	1	0	5242
18669	76	1	0	5264
18669	91	1	0	4654
18669	117	1	0	6148
18669	131	1	0	6747
18669	144	1	0	6855
18669	157	1	0	6312
18669	194	1	0	6073
18670	95	2	0	7261
18670	144	1	0	4655
18670	179	1	0	6146
18671	113	2	1	7547
18671	128	2	1	6660
18671	269	1	1	31807
18672	38	1	1	6561
18672	219	2	1	6584
18673	86	1	1	6559
18673	188	49	2	5044093
18673	244	2	1	6582
18675	257	2	1	7547
18675	263	3	0	50374
18676	53	2	0	48
18676	56	2	0	4888
18676	80	1	0	5650
18676	81	1	0	1446737
18676	138	1	0	7154
18676	146	1	0	96972
18676	165	1	0	4570
18676	179	1	0	119073
18676	191	1	0	4769
18676	234	1	0	6076
18676	258	1	0	6076
18677	5	1	0	6075
18677	20	1	0	6072
18677	35	1	0	6074
18677	52	1	0	5245
18677	206	1	0	653
18678	97	2	0	48
18678	104	2	0	48
18679	228	2	0	48
1	1	0	0	0	26780690	0	0	26780690	0	0	4791	/food/18?205.237.95.166
1	1	0	0	0	26583553	0	0	26583553	0	0	5321	/food/15?54.36.148.170
1	0	0	0	1	0	0	26696780	0	0	26696780	0	/rss/order/new
1	1	0	0	0	26553365	0	0	26553365	0	0	5301	/food/14?66.249.71.48
1	0	0	0	1	0	0	26696802	0	0	26696802	0	/shop/errors/503.php
1	1	0	0	0	26747778	0	0	26747778	0	0	7499	/game/1?54.36.148.168
1	0	0	0	1	0	0	26520707	0	0	26520707	0	/advertise/2
1	0	0	0	3	0	0	26847659	0	0	26520689	0	/advertise/1
1	37	37	0	0	26499833	0	0	26380406	0	0	281717	/?5.62.62.171
1	2	0	0	0	26594302	0	0	26594290	0	0	440784	/upload/150261592642285_.jpg
1	2	0	0	0	26579314	0	0	26570491	0	0	17268	/order?66.249.71.48
1	0	0	0	1	0	0	26696790	0	0	26696790	0	/store/rss/order/new
1	29	0	0	0	26862127	0	0	26487107	0	0	147132	/make-game-for-us
1	1	0	0	0	26871420	0	0	26871420	0	0	5245	/collaborate-with-fastFood-maker?205.237.95.166
1	1	0	0	0	26606554	0	0	26606554	0	0	4215	/manager/show-user/4
1	0	0	0	1	0	0	26696786	0	0	26696786	0	/demo/rss/catalog/notifystock
1	3	0	0	0	26606553	0	0	26594301	0	0	125568	/admin/dist/fonts/Vazir-Bold.woff2
1	9	0	0	0	26840698	0	0	26604048	0	0	910213	/upload/260311596111654_.jpg
1	5	0	0	0	26890064	0	0	26594298	0	0	171096	/admin/plugins/jquery/jquery.min.js
1	2	0	0	0	26759424	0	0	26669914	0	0	12834	/restaurant/4?54.36.148.168
1	1	0	0	2	26758328	0	26793781	26758328	0	26781440	6845	/event
1	0	0	0	1	0	0	26520698	0	0	26520698	0	/advertise/13
1	1	0	0	0	26606529	0	0	26606529	0	0	5899	/upload/adv.gif
1	7	0	0	1	26840698	0	26866491	26741756	0	26866491	375916	/upload/798541600589541_.jpg
1	0	0	0	4	0	0	26594339	0	0	26594338	0	/___proxy_subdomain_webmail
1	2	0	0	0	26715870	0	0	26695742	0	0	14556	/restaurant/9?54.36.148.168
1	29	0	0	0	26883744	0	0	26487099	0	0	150453	/how-to-order
1	1	0	0	0	26604048	0	0	26604048	0	0	29849	/img/call.jpg
1	10	0	0	0	26890064	0	0	26380406	0	0	10020	/img/shopping-bag.png
1	5	0	0	0	26890064	0	0	26594298	0	0	7196	/admin/dist/css/custom-style.css
1	0	0	0	1	0	0	26696786	0	0	26696786	0	/demo/rss/order/new
1	19	0	0	0	26881955	0	0	26608014	0	0	456	/robots.txt?205.237.95.166
1	0	0	0	1	0	0	26696794	0	0	26696794	0	/magento/rss/catalog/review
1	15	0	0	0	26894174	0	0	26380406	0	0	979246	/img/0219_Elmwood_0016.jpg
1	34	0	5	0	26890064	26890064	0	26487103	26594298	0	28864	/login
1	12	0	0	0	26890064	0	0	26380406	0	0	54927	/css/UserSheetFa.css
1	0	0	0	10	0	0	26769980	0	0	26769941	0	/uadmin/adm.php
1	1	0	0	0	26596418	0	0	26596418	0	0	8102	/game/1?205.237.95.166
1	1	0	0	0	26574788	0	0	26574788	0	0	4945	/make-game-for-us?54.36.148.169
1	1	0	0	0	26589188	0	0	26589188	0	0	1017	/register?54.36.148.170
1	1	0	0	0	26672971	0	0	26672971	0	0	1017	/register?54.36.148.168
1	0	0	0	1	0	0	26895874	0	0	26895874	0	/atom.xml?54.36.148.168
1	0	0	0	1	0	0	26696787	0	0	26696787	0	/demo/rss/catalog/review
1	3	0	0	0	26757654	0	0	26671300	0	0	15643	/collaborate-with-game-developers?205.237.95.166
1	0	0	0	1	0	0	26696779	0	0	26696779	0	/store/index.php/admin
1	26	0	0	0	26895141	0	0	26487461	0	0	136643	/contact-us
1	0	0	0	1	0	0	26696799	0	0	26696799	0	/store/downloader/index.php
1	1	0	0	0	26604048	0	0	26604048	0	0	59980	/img/call.png
1	1	0	0	0	26655650	0	0	26655650	0	0	155959	/upload/car2.jpg?205.237.95.166
1	3	0	0	1	26582218	0	26612629	26521337	0	26612629	25854	/order?page=2
1	3	0	0	1	26583364	0	26615453	26521407	0	26615453	25800	/order?page=1
1	3	0	0	0	26890064	0	0	26890064	0	0	1851393	/upload/859151611054768_.jpg
1	0	0	0	1	0	0	26696774	0	0	26696774	0	/old/index.php/admin
1	1	0	0	0	26585175	0	0	26585175	0	0	7747	/game/11?66.249.71.48
1	11	0	0	6	26883446	0	26660123	26709316	0	26487077	61256	/collaborate-with-fastFood-maker
1	2	0	0	0	26604048	0	0	26594308	0	0	275646	/img/reserve1.jpg
1	1	0	0	0	26594308	0	0	26594308	0	0	85373	/upload/ghaza1.jpg
1	7	0	0	0	26868235	0	0	26608054	0	0	47908	/reserve/9
1	5	0	0	0	26885698	0	0	26605734	0	0	32170	/reserve/8
1	4	0	0	0	26883949	0	0	26605720	0	0	25792	/reserve/7
1	0	0	0	2	0	0	26765970	0	0	26605322	0	/reserve/6
1	0	0	0	2	0	0	26767198	0	0	26605184	0	/reserve/5
1	1	0	0	0	26566159	0	0	26566159	0	0	5386	/games-page?54.36.148.169
1	0	0	0	2	0	0	26765756	0	0	26605178	0	/reserve/4
1	2	0	0	0	26884331	0	0	26705775	0	0	13343	/restaurant/8?205.237.95.166
1	0	0	0	2	0	0	26764771	0	0	26604252	0	/reserve/3
1	5	0	0	5	26883295	0	26742471	26521271	0	26610095	33334	/reserve/2
1	13	0	0	0	26883212	0	0	26521291	0	0	90656	/reserve/1
1	10	0	0	1	26847923	0	26882703	26545725	0	26882703	51865	/gameDetails/11
1	2	0	0	0	26612503	0	0	26602768	0	0	11275	/benefits?205.237.95.166
1	1	0	0	0	26764923	0	0	26764923	0	0	5269	/contact-us?54.36.148.168
1	0	0	0	1	0	0	26696793	0	0	26696793	0	/staging/rss/catalog/review
1	13	0	0	0	26893315	0	0	26380406	0	0	543047	/upload/aboutus.jpg
1	1	0	0	0	26604048	0	0	26604048	0	0	48844	/img/send1.png
1	3	0	0	0	26872798	0	0	26762026	0	0	18962	/restaurant/2?54.36.148.168
1	4	0	0	0	26604061	0	0	26604050	0	0	116	/_ignition/health-check
1	2	0	0	0	26875799	0	0	26595058	0	0	10767	/contact-us?205.237.95.166
1	7	0	0	0	26575220	0	0	26487091	0	0	56255	/game/7
1	12	0	0	0	26860712	0	0	26705284	0	0	96041	/order?id=9
1	0	0	0	1	0	0	26696774	0	0	26696774	0	/index.php/admin
1	5	0	0	0	26552725	0	0	26487122	0	0	40108	/game/5
1	15	0	0	0	26894131	0	0	26705200	0	0	118435	/order?id=8
1	5	0	0	0	26551815	0	0	26487087	0	0	40113	/game/4
1	13	0	0	0	26883609	0	0	26705106	0	0	105191	/order?id=7
1	8	0	0	0	26573713	0	0	26487118	0	0	65410	/game/3
1	5	0	0	0	26552637	0	0	26487083	0	0	40641	/game/2
1	27	0	0	0	26884083	0	0	26487079	0	0	210626	/game/1
1	5	0	0	0	26890064	0	0	26594298	0	0	15295	/admin/dist/js/adminlte.min.js
1	1	0	0	0	26801177	0	0	26801177	0	0	4782	/food/21?205.237.95.166
1	0	0	0	1	0	0	26680825	0	0	26680825	0	/order?id=4
1	0	0	0	1	0	0	26678916	0	0	26678916	0	/order?id=3
1	20	0	0	0	26883132	0	0	26604048	0	0	164476	/order?id=2
1	2	0	0	0	26606529	0	0	26380406	0	0	157010	/upload/242821581148223_.jpg
1	19	0	0	0	26885275	0	0	26604085	0	0	157127	/order?id=1
1	0	0	0	1	0	0	26898873	0	0	26898873	0	/sitemap_index.xml?54.36.148.168
1	190	0	0	1	26898900	0	26893173	26391606	0	26893173	4560	/robots.txt
1	0	0	0	1	0	0	26696789	0	0	26696789	0	/shop/rss/catalog/review
1	6	0	0	0	26883098	0	0	26604514	0	0	32348	/call
1	0	0	1	0	0	26606553	0	0	26606553	0	0	/manager/promote_res/4
1	0	0	1	0	0	26604062	0	0	26604062	0	0	/manager/promote_res/3
1	5	0	0	0	26890064	0	0	26594298	0	0	385800	/admin/plugins/font-awesome/fonts/fontawesome-webfont.woff2?v=4.7.0
1	0	0	1	3	0	26604062	26604061	0	26604062	26604058	0	/manager/promote_res/2
1	0	0	0	2	0	0	26594340	0	0	26594340	0	/___proxy_subdomain_cpanel
1	4	0	0	0	26890064	0	0	26741756	0	0	18024	/img/myket.png
1	5	0	0	0	26606520	0	0	26380406	0	0	24065	/img/android.png
1	6	0	0	0	26606677	0	0	26380406	0	0	2072217	/upload/slide2.jpg
1	7	0	0	0	26840698	0	0	26741756	0	0	338972	/upload/696531600679467_.jpg
1	4	0	0	0	26797515	0	0	26594298	0	0	540792	/img/loginBack.jpg
1	5	0	0	0	26890064	0	0	26594298	0	0	38454	/admin/plugins/font-awesome/css/font-awesome.min.css
1	0	0	0	1	0	0	26696779	0	0	26696779	0	/staging/index.php/admin
1	5	0	0	0	26606520	0	0	26380406	0	0	293650	/img/logoiran.png
1	12	0	0	0	26501286	0	0	26400973	0	0	288	/robots.txt?5.62.62.171
1	0	0	1	0	0	26696774	0	0	26696774	0	0	/index.php/admin/
1	1	0	0	0	26684203	0	0	26684203	0	0	4911	/collaborate-with-game-developers?54.36.148.168
1	7	0	0	0	26882772	0	0	26650307	0	0	52897	/restaurant/1?page=3
1	12	0	0	0	26883163	0	0	26521299	0	0	89801	/restaurant/1?page=2
1	1	0	0	0	26685954	0	0	26685954	0	0	1025	/register?205.237.95.166
1	7	0	0	0	26840698	0	0	26741756	0	0	402664	/upload/811151601551257_.jpg
1	11	0	0	0	26883411	0	0	26521376	0	0	81317	/restaurant/1?page=1
1	5	0	0	0	26890064	0	0	26594298	0	0	197327	/admin/dist/css/adminlte.min.css
1	24	0	0	0	26883675	0	0	26503512	0	0	120994	/basket
1	1	0	0	0	26594301	0	0	26594301	0	0	3700	/manager/add-food
1	0	0	0	1	0	0	26613872	0	0	26613872	0	/.well-known/assetlinks.json?54.36.148.168
1	6	0	0	0	26607084	0	0	26594304	0	0	30304	/manager/manage-users
1	11	0	0	0	26883179	0	0	26551649	0	0	57052	/games-page?page=2
1	3	0	0	0	26885522	0	0	26552171	0	0	15961	/games-page?page=1
1	0	0	0	1	0	0	26775475	0	0	26775475	0	/reserve/2?205.237.95.166
1	2	0	0	0	26604048	0	0	26594308	0	0	238146	/img/reserve2.jpg
1	2	0	0	0	26604048	0	0	26594308	0	0	882656	/upload/ghaza2.jpg
1	5	0	0	0	26890064	0	0	26756073	0	0	2268423	/img/logoiran_b.jpg
1	4	0	0	0	26890064	0	0	26741756	0	0	13356	/img/sibapp.png
1	19	0	0	1	26847941	0	26859522	26545631	0	26859522	143537	/game/11
1	0	0	0	16	0	0	26898899	0	0	26893712	0	/sitemap.xml
1	13	0	0	0	26890064	0	0	26380406	0	0	31970	/css/custom.css
1	0	0	1	0	0	26696779	0	0	26696779	0	0	/store/index.php/admin/
1	1	0	0	0	26540265	0	0	26540265	0	0	8043	/game/7?54.36.148.169
1	12	0	0	0	26890064	0	0	26380406	0	0	15988	/js/liteaccordion.jquery.js
1	1	0	0	0	26604048	0	0	26604048	0	0	279869	/img/send2.png
1	0	0	0	1	0	0	26696792	0	0	26696792	0	/staging/rss/order/new
1	12	0	0	0	26890064	0	0	26380406	0	0	11591	/css/animate-min.css
1	30	0	0	0	26883815	0	0	26487095	0	0	157635	/games-page
1	6	0	0	0	26882827	0	0	26604762	0	0	32350	/delivery
1	0	0	0	3	0	0	26594352	0	0	26594352	0	/___proxy_subdomain_webdisk
1	1	0	0	0	26690016	0	0	26690016	0	0	7176	/restaurant/5?54.36.148.168
1	0	0	0	1	0	0	26606553	0	0	26606553	0	/upload/313181595708004_.jpg
1	0	0	0	15	0	0	26899030	0	0	26893719	0	/atom.xml
1	39	39	0	1	26890064	0	26845523	26598387	0	26845523	406637	/?205.237.95.166
1	25	0	0	0	26883564	0	0	26487114	0	0	132045	/collaborate-with-game-developers
1	15	0	0	0	26894337	0	0	26380406	0	0	1178155	/upload/res1.jpg
1	0	0	0	1	0	0	26696798	0	0	26696798	0	/shop/downloader/index.php
1	10	0	0	0	26883469	0	0	26521371	0	0	53344	/food/9
1	13	0	0	0	26840698	0	0	26604048	0	0	2674302	/upload/564721596111617_.jpg
1	11	0	0	0	26882746	0	0	26521365	0	0	58239	/food/8
1	12	0	0	0	26883387	0	0	26521359	0	0	64356	/food/7
1	9	0	0	0	26800441	0	0	26521265	0	0	48689	/food/6
1	10	0	0	0	26800147	0	0	26521261	0	0	54106	/food/5
1	0	0	0	1	0	0	26696783	0	0	26696783	0	/old/rss/catalog/notifystock
1	12	0	0	0	26890064	0	0	26380406	0	0	427489	/js/jquery-1.7.1.min.js
1	12	0	0	0	26893721	0	0	26521326	0	0	63882	/food/4
1	10	0	0	0	26799860	0	0	26521256	0	0	54117	/food/3
1	13	0	0	0	26890064	0	0	26380406	0	0	586656	/font/Vazir.woff
1	18	0	0	0	26894611	0	0	26607317	0	0	116657	/restaurant/9
1	11	0	0	0	26883081	0	0	26521252	0	0	58960	/food/2
1	10	0	0	0	26800025	0	0	26521249	0	0	54106	/food/1
1	17	0	0	0	26872120	0	0	26605136	0	0	111349	/restaurant/8
1	17	0	0	0	26894905	0	0	26616965	0	0	111004	/restaurant/7
1	0	0	0	1	0	0	26756072	0	0	26756072	0	/.well-known/resource-that-should-not-exist-whose-status-code-should-not-be-200
1	17	0	0	0	26883698	0	0	26604962	0	0	112478	/restaurant/6
1	0	0	2	0	0	26847928	0	0	26705857	0	0	/checkout
1	19	0	0	0	26895056	0	0	26604882	0	0	123840	/restaurant/5
1	18	0	0	0	26894733	0	0	26604800	0	0	117933	/restaurant/4
1	21	0	0	0	26894984	0	0	26603932	0	0	137919	/restaurant/3
1	23	0	0	0	26884147	0	0	26521227	0	0	160020	/restaurant/2
1	25	0	0	0	26884018	0	0	26521224	0	0	186710	/restaurant/1
1	0	0	0	4	0	0	26594332	0	0	26594331	0	/___proxy_subdomain_cpcontacts
1	5	0	0	0	26890064	0	0	26594298	0	0	6382	/admin/dist/css/bootstrap-rtl.min.css
1	0	0	0	1	0	0	26696793	0	0	26696793	0	/magento/rss/order/new
1	0	0	0	1	0	0	26696785	0	0	26696785	0	/test/rss/catalog/notifystock
1	5	0	0	0	26883254	0	0	26706277	0	0	25955	/food/21
1	6	0	0	0	26861752	0	0	26705899	0	0	30891	/food/20
1	6	0	0	0	26882548	0	0	26686554	0	0	31034	/food/19
1	5	0	0	0	26883187	0	0	26686222	0	0	26285	/food/18
1	2	0	0	0	26882786	0	0	26848351	0	0	9507	/food/17
1	2	0	0	0	26882757	0	0	26848592	0	0	9510	/food/16
1	9	0	0	0	26882735	0	0	26553547	0	0	46646	/food/15
1	9	0	0	0	26882812	0	0	26583719	0	0	46341	/food/14
1	1	0	0	0	26769241	0	0	26769241	0	0	6843	/event?205.237.95.166
1	11	0	0	0	26882777	0	0	26521268	0	0	56998	/food/11
1	10	0	0	0	26881955	0	0	26521354	0	0	52980	/food/10
1	6	0	0	0	26523093	0	0	26502850	0	0	144	/robots.txt?54.36.148.171
1	2	0	0	0	26563267	0	0	26543389	0	0	48	/robots.txt?54.36.148.169
1	2	0	0	0	26592266	0	0	26586369	0	0	48	/robots.txt?54.36.148.170
1	21	0	0	1	26886805	0	26893173	26610924	0	26893173	504	/robots.txt?54.36.148.168
1	0	0	0	42	0	0	26732434	0	0	26391607	0	/.well-known/assetlinks.json
1	0	0	1	0	0	26696775	0	0	26696775	0	0	/test/index.php/admin/
1	7	0	0	0	26890064	0	0	26594298	0	0	20752	/manager
1	1	0	0	0	26788014	0	0	26788014	0	0	155959	/upload/car2.jpg?54.36.148.168
1	5	0	0	0	26890064	0	0	26594298	0	0	190020	/admin/dist/fonts/Vazir.woff2
1	1	0	0	0	26554880	0	0	26554880	0	0	5658	/benefits?54.36.148.169
1	10	0	0	1	26890064	0	26893173	26380406	0	26893173	8240	/img/ss2.png
1	2	0	0	0	26720765	0	0	26605044	0	0	14001	/restaurant/7?205.237.95.166
1	2	0	0	0	26691362	0	0	26668510	0	0	10598	/basket?205.237.95.166
1	2	0	0	0	26615192	0	0	26603669	0	0	1771	/login?205.237.95.166
1	5	0	0	0	26890064	0	0	26594298	0	0	243080	/admin/dist/fonts/Vazir-Light.woff2
1	21	0	0	4	26827633	0	26893819	26521231	0	26848247	107539	/restaurants
1	1	0	0	0	26727381	0	0	26727381	0	0	6190	/how-to-order?54.36.148.168
1	3	0	0	6	26582575	0	26770757	26521343	0	26612579	21172	/reserve
1	11	0	0	0	26890064	0	0	26380406	0	0	1365509	/img/back.jpg
1	5	0	0	0	26890064	0	0	26594298	0	0	256280	/admin/dist/fonts/Vazir-Medium.woff2
1	0	0	0	1	0	0	26696798	0	0	26696798	0	/demo/downloader/index.php
1	14	0	0	0	26893847	0	0	26721753	0	0	7447836	/img/logoiran_s.png
1	1	0	0	0	26894398	0	0	26894398	0	0	4769	/food/20?205.237.95.166
1	12	0	0	0	26890064	0	0	26380406	0	0	7473	/css/liteaccordion.css
1	30	0	0	0	26894265	0	0	26487075	0	0	158194	/benefits
1	1	0	0	0	26551737	0	0	26551737	0	0	5164	/gameDetails/7?54.36.148.169
1	2	0	1	6	26594308	26594308	26594302	26594306	26594308	26594298	7701	/manager/detail-res
1	5	0	0	0	26606520	0	0	26380406	0	0	20395	/img/ios.png
1	2	0	0	1	26606553	0	26604050	26594301	0	26604050	7436	/manager/sit/setting
1	1	0	0	0	26606553	0	0	26606553	0	0	96972	/upload/res2.jpg
1	0	0	0	5	0	0	26594306	0	0	26594290	0	/upload/975971591443038_.jpg
1	2	0	0	0	26606553	0	0	26594301	0	0	84616	/admin/dist/fonts/Vazir-Black.woff2
1	0	0	1	0	0	26696774	0	0	26696774	0	0	/old/index.php/admin/
1	12	0	0	0	26890064	0	0	26380406	0	0	4619	/js/paccordion.js
1	1	0	0	0	26604053	0	0	26604053	0	0	4367	/manager/manage-users?page=2
1	3	0	0	0	26604062	0	0	26604053	0	0	15295	/manager/manage-users?page=1
1	4	0	0	0	26797517	0	0	26797515	0	0	2028	/css/bootstrap.min.css.map
1	0	0	0	1	0	0	26696791	0	0	26696791	0	/store/rss/catalog/notifystock
1	12	0	0	0	26890064	0	0	26380406	0	0	93702	/js/popper.min.js
1	11	0	0	0	26890064	0	0	26380406	0	0	1629440	/upload/car1.jpg
1	2	0	0	0	26795099	0	0	26731950	0	0	15209	/restaurant/1?205.237.95.166
1	13	0	0	0	26890064	0	0	26380406	0	0	307164	/css/bootstrap.css
1	11	0	0	0	26895912	0	0	26380406	0	0	7183	/img/ss3.png
1	0	0	0	4	0	0	26594343	0	0	26594343	0	/___proxy_subdomain_cpcalendars
1	0	0	0	1	0	0	26756072	0	0	26756072	0	/.well-known/change-password
1	1	0	0	0	26753369	0	0	26753369	0	0	5696	/collaborate-with-fastFood-maker?54.36.148.168
1	0	0	1	0	0	26696779	0	0	26696779	0	0	/magento/index.php/admin/
1	1	0	0	0	26606529	0	0	26606529	0	0	39210	/upload/587371581424191_.jpg
1	1	0	0	0	26677172	0	0	26677172	0	0	7587	/game/11?205.237.95.166
1	0	0	0	15	0	0	26899330	0	0	26893725	0	/sitemap.xml.gz
1	17	0	0	0	26890064	0	0	26594290	0	0	0	/favicon.ico
1	4	0	0	0	26583164	0	0	26487560	0	0	20681	/gameDetails/7
1	5	0	0	0	26583996	0	0	26487574	0	0	26213	/gameDetails/5
1	5	0	0	0	26583671	0	0	26487555	0	0	26219	/gameDetails/4
1	5	0	0	0	26582699	0	0	26487566	0	0	26207	/gameDetails/3
1	6	0	0	0	26584250	0	0	26487550	0	0	31463	/gameDetails/2
1	13	0	0	0	26882792	0	0	26487544	0	0	67804	/gameDetails/1
1	0	0	0	13	0	0	26607083	0	0	26380406	0	/Administrator/Files/Design/logo.png
1	1	0	0	0	26607083	0	0	26607083	0	0	3430	/manager/cyberspace
1	13	13	0	0	26528997	0	0	26505900	0	0	93670	/?54.36.148.171
1	1	1	0	0	26577783	0	0	26577783	0	0	7404	/?54.36.148.170
1	6	6	0	0	26572913	0	0	26546071	0	0	44412	/?54.36.148.169
1	2	0	0	0	26606529	0	0	26594308	0	0	55494	/js/jquery.js
1	32	32	0	1	26888778	0	26840012	26638562	0	26840012	297521	/?54.36.148.168
1	1	0	0	0	26594309	0	0	26594309	0	0	16199	/upload/896161592650965_.jfif
1	0	0	0	16	0	0	26899202	0	0	26893731	0	/sitemap.txt
1	0	0	0	1	0	0	26696775	0	0	26696775	0	/test/index.php/admin
1	2	0	0	0	26835926	0	0	26674644	0	0	13078	/reserve/9?205.237.95.166
1	1	0	0	0	26556150	0	0	26556150	0	0	4940	/contact-us?66.249.71.48
1	2	0	0	0	26773671	0	0	26721737	0	0	15055	/restaurant/1?54.36.148.168
1	1	0	0	0	26848306	0	0	26848306	0	0	4873	/food/2?205.237.95.166
1	12	0	0	0	26890064	0	0	26380406	0	0	176424	/js/bootstrap.js
1	1	0	0	0	26793616	0	0	26793616	0	0	6081	/restaurant/6?54.36.148.168
1	0	0	0	1	0	0	26696783	0	0	26696783	0	/old/rss/catalog/review
1	0	0	0	1	0	0	26897357	0	0	26897357	0	/sitemap.xml.gz?205.237.95.166
1	9	0	0	0	26587880	0	0	26530200	0	0	216	/robots.txt?66.249.71.48
1	0	0	0	1	0	0	26882887	0	0	26882887	0	/restaurants?54.36.148.168
1	0	0	0	1	0	0	26696792	0	0	26696792	0	/staging/rss/catalog/notifystock
1	1	0	0	0	26861314	0	0	26861314	0	0	4864	/food/4?54.36.148.168
1	423	423	22	7	26893289	26768241	26846051	26379627	26594331	26768932	4123622	/
1	10	10	0	0	26593545	0	0	26533510	0	0	73833	/?66.249.71.48
1	1	0	0	0	26779237	0	0	26779237	0	0	4894	/food/9?54.36.148.168
1	1	0	0	0	26550290	0	0	26550290	0	0	5039	/restaurants?66.249.71.48
1	4	0	0	0	26767532	0	0	26380406	0	0	623836	/upload/car2.jpg
1	12	0	0	0	26890064	0	0	26380406	0	0	21757	/js/jquery.flip.min.js
1	8	0	0	0	26836955	0	0	26594290	0	0	95124	/upload/608281592600896_.jpg
1	1	0	0	0	26606529	0	0	26606529	0	0	90319	/img/mario.png
1	21	0	0	0	26882807	0	0	26487110	0	0	20758	/register
1	5	0	0	0	26890064	0	0	26594298	0	0	119486	/admin/plugins/bootstrap/js/bootstrap.bundle.min.js
1	0	0	0	1	0	0	26890064	0	0	26890064	0	/manager/buycode
1	5	0	0	8	26597282	0	26725208	26521220	0	26606534	43027	/order
1	2	0	0	0	26604048	0	0	26594309	0	0	553798	/upload/218281592391278_.png
1	1	0	0	0	26791269	0	0	26791269	0	0	6181	/reserve/7?54.36.148.168
1	0	0	0	1	0	0	26696791	0	0	26696791	0	/store/rss/catalog/review
1	0	0	0	15	0	0	26898960	0	0	26893707	0	/sitemap_index.xml
1	0	0	0	16	0	0	26899203	0	0	26893747	0	/sitemaps.xml
1	1	0	0	0	26606529	0	0	26606529	0	0	872	/img/play.png
1	1	0	0	0	26594308	0	0	26594308	0	0	14363	/upload/299291595555915_.jpg
1	0	0	1	0	0	26696779	0	0	26696779	0	0	/staging/index.php/admin/
1	0	0	0	1	0	0	26696779	0	0	26696779	0	/magento/index.php/admin
1	5	0	0	0	26893840	0	0	26741756	0	0	28250	/img/bazaar.png
1	1	0	0	0	26710067	0	0	26710067	0	0	5939	/food/10?54.36.148.168
1	12	0	0	0	26890064	0	0	26380406	0	0	46025	/css/ResponsiveStyleSheet.css
1	0	0	0	1	0	0	26696781	0	0	26696781	0	/rss/catalog/review
2	0	0	0	1	0	0	26696789	0	0	26696789	0	87.3830201404612
2	0	0	0	2	0	0	26696781	0	0	26696780	0	49.1605655249611
2	0	0	0	2	0	0	26696783	0	0	26696783	0	54.648106901525
2	0	0	0	3	0	0	26696787	0	0	26696786	0	79.0197523866098
2	0	0	0	2	0	0	26696794	0	0	26696793	0	35.3611487607562
2	0	0	0	3	0	0	26696793	0	0	26696792	0	20.509496021177
2	0	0	0	1	0	0	26696785	0	0	26696785	0	98.4620643202238
2	0	0	0	3	0	0	26696791	0	0	26696790	0	23.6442380965393
3	6	0	0	0	26594309	0	0	26594308	0	0	819152	https://iranbaguette.ir/restaurant/1
3	278	2	0	4	26880828	0	26594302	26594290	0	26594290	13737002	https://iranbaguette.ir/
3	3	0	0	2	26606553	0	26606553	26604050	0	26594301	102104	https://iranbaguette.ir/manager/sit/setting
3	7	0	0	1	26890064	0	26890064	26890064	0	26890064	90664	https://www.iranbaguette.ir/manager
3	1	0	0	0	26890064	0	0	26890064	0	0	47864	https://www.iranbaguette.ir/css/custom.css
3	1	0	0	0	26607084	0	0	26607084	0	0	5093	https://iranbaguette.ir/manager/cyberspace
3	0	0	0	1	0	0	26380406	0	0	26380406	0	https://iranbaguette.com/css/UserSheetFa.css
3	1	0	0	0	26594301	0	0	26594301	0	0	3516	https://iranbaguette.ir/manager/add-food
3	3	0	0	0	26606529	0	0	26606529	0	0	262211	https://iranbaguette.ir/games-page
3	1	0	0	0	26890064	0	0	26890064	0	0	77160	https://www.iranbaguette.ir/admin/plugins/font-awesome/css/font-awesome.min.css
3	0	0	0	12	0	0	26607083	0	0	26594290	0	https://iranbaguette.ir/css/UserSheetFa.css
3	2	0	0	0	26767532	0	0	26756499	0	0	647407	https://www.google.com/blank.html
3	35	0	0	6	26607083	0	26604050	26594298	0	26594298	490634	https://iranbaguette.ir/manager
3	5	0	0	0	26606552	0	0	26606529	0	0	137184	https://iranbaguette.ir/game/1
3	5	0	1	0	26606554	26606553	0	26594306	26606553	0	17531	https://iranbaguette.ir/manager/manage-users
3	6	0	0	0	26829742	0	0	26606677	0	0	2897510	https://www.google.com/
3	9	0	0	0	26604050	0	0	26604048	0	0	1394549	https://iranbaguette.ir/order?id=2
3	3	0	0	0	26890064	0	0	26890064	0	0	137876	https://www.iranbaguette.ir/admin/dist/css/custom-style.css
3	1	1	0	0	26836867	0	0	26836867	0	0	6908	http://cp18.unitedhost.org:2082/
3	1	0	0	0	26380406	0	0	26380406	0	0	47864	https://iranbaguette.com/css/custom.css
3	1	0	0	0	26604053	0	0	26604053	0	0	5086	https://iranbaguette.ir/manager/manage-users?page=2
3	2	0	2	3	26604062	26604062	26604061	26604062	26604062	26604058	10209	https://iranbaguette.ir/manager/manage-users?page=1
3	5	1	1	1	26594308	26594308	26594306	26594302	26594308	26594306	25706	https://iranbaguette.ir/manager/detail-res
3	4	0	0	0	26606552	0	0	26594298	0	0	308640	https://iranbaguette.ir/admin/plugins/font-awesome/css/font-awesome.min.css
3	11	0	0	0	26836867	0	0	26594290	0	0	490928	https://iranbaguette.ir/css/custom.css
3	5	0	0	0	26604061	0	0	26604058	0	0	87	https://iranbaguette.ir/manager/promote_res/2
3	28	4	4	0	26836955	26607083	0	26594298	26594298	0	2393686	https://iranbaguette.ir/login
3	1	1	0	0	26419851	0	0	26419851	0	0	29117	https://www.ocrsearch.com/
3	46	20	0	0	26402671	0	0	26379627	0	0	2097314	https://iranbaguette.com/
3	2	0	0	0	26594309	0	0	26594309	0	0	293098	https://iranbaguette.ir/restaurant/1?page=2
3	3	1	1	0	26890064	26890064	0	26890064	26890064	0	479667	https://www.iranbaguette.ir/login
3	55	0	0	0	26890064	0	0	26840698	0	0	4323961	https://www.iranbaguette.ir/
3	17	0	0	0	26606553	0	0	26594298	0	0	761688	https://iranbaguette.ir/admin/dist/css/custom-style.css
4	23	1	0	0	26840698	0	0	26840698	0	0	126597	Mozilla/5.0 (Windows NT 10.0; Win64; x64) AppleWebKit/537.36 (KHTML, like Gecko) Chrome/78.0.3904.87 Safari/537.36
4	1	0	0	0	26721753	0	0	26721753	0	0	1446737	Mozilla/5.0 (Windows NT 6.1; rv:81.0) Gecko/20100101 Firefox/81.0
4	2	2	0	0	26402671	0	0	26402671	0	0	58234	Mozilla/5.0 (X11; Linux x86_64; rv:68.0) Gecko/20100101 Firefox/68.0
4	0	0	1	1	0	26594340	26594340	0	26594340	26594340	0	Mozilla/5.0 (Linux; Android 6.0.1; RedMi Note 5 Build/RB3N5C; wv) AppleWebKit/537.36 (KHTML, like Gecko) Version/4.0 Chrome/68.0.3440.91 Mobile Safari/537.36
4	0	0	1	1	0	26594352	26594352	0	26594352	26594352	0	Mozilla/5.0 (Windows NT 6.1; WOW64; rv:45.0) Gecko/20100101 Firefox/45.0
4	1	1	0	0	26594338	0	0	26594338	0	0	7402	Mozilla/5.0 (Windows NT 10.0; Win64; x64) AppleWebKit/537.36 (KHTML, like Gecko) Chrome/74.0.3729.131 Safari/537.36
4	1	0	0	0	26655650	0	0	26655650	0	0	155959	Mozilla/5.0 (Windows NT 6.1; rv:80.0) Gecko/20100101 Firefox/80.0
4	15	2	0	0	26831580	0	0	26831580	0	0	169644	Mozilla/5.0 (compatible; YandexBot/3.0; +http://yandex.com/bots) AppleWebKit/537.36 (KHTML, like Gecko) Chrome/81.0.4044.268
4	0	0	1	1	0	26594332	26594332	0	26594332	26594332	0	Mozilla/5.0 (iPad; CPU OS 12_2 like Mac OS X) AppleWebKit/605.1.15 (KHTML, like Gecko) Mobile/15E148
4	0	0	1	1	0	26594338	26594338	0	26594338	26594338	0	Mozilla/5.0 (Windows NT 6.1; rv:51.0) Gecko/20100101 Firefox/51.0
4	2	2	0	0	26649750	0	0	26649750	0	0	14924	Mozilla/5.0 (X11; Linux x86_64) AppleWebKit/537.36 (KHTML, like Gecko) Chrome/75.0.3770.142 Safari/537.36
4	1	0	0	0	26767532	0	0	26767532	0	0	155959	Mozilla/5.0 (Linux; Android 10; SM-A115F Build/QP1A.190711.020; wv) AppleWebKit/537.36 (KHTML, like Gecko) Version/4.0 Chrome/79.0.3945.116 Mobile Safari/537.36 GSA/10.90.16.21.arm
4	1	1	0	0	26432084	0	0	26432084	0	0	6891	Mozilla/5.0 (Macintosh; Intel Mac OS X 10_9_3) AppleWebKit/537.36 (KHTML, like Gecko) Chrome/35.0.1916.47 Safari/537.36
4	2	2	0	0	26775953	0	0	26638562	0	0	0	Mozilla/5.0 (Windows NT 6.3; WOW64) AppleWebKit/537.36 (KHTML, like Gecko) Chrome/41.0.2226.0 Safari/537.36
4	1	1	0	0	26462953	0	0	26462953	0	0	0	Mozilla/5.0 (Windows NT 6.3; WOW64) AppleWebKit/537.36 (KHTML, like Gecko) Chrome/41.0.2225.0 Safari/537.36
4	35	0	0	43	26732415	0	26732434	26391606	0	26391607	840	Mozilla/5.0 (compatible; Googlebot/2.1; +http://www.google.com/bot.html)
4	0	0	0	1	0	0	26866491	0	0	26866491	0	Mozilla/5.0 (compatible; YandexImages/3.0; +http://yandex.com/bots)
4	1	1	0	0	26379826	0	0	26379826	0	0	6867	Go-http-client/1.1
4	6	6	1	1	26469548	26594331	26594331	26387499	26594331	26594331	41241	Mozilla/5.0 (Windows NT 6.3; WOW64; Trident/7.0; rv:11.0) like Gecko
4	2	2	0	0	26382419	0	0	26379627	0	0	58219	Mozilla/5.0 (Windows NT 10.0; Win64; x64) AppleWebKit/537.36 (KHTML, like Gecko) Chrome/80.0.3987.87 Safari/537.36
4	2	2	0	0	26380881	0	0	26380037	0	0	58219	Mozilla/5.0 (Windows NT 10.0; Win64; x64) AppleWebKit/537.36 (KHTML, like Gecko) Chrome/80.0.3987.106 Safari/537.36
4	1	1	0	0	26380037	0	0	26380037	0	0	29090	Mozilla/5.0 (Windows NT 10.0; Win64; x64) AppleWebKit/537.36 (KHTML, like Gecko) Chrome/79.0.3945.130 Safari/537.36
4	0	0	3	2	0	26594340	26594338	0	26594332	26594332	0	Mozilla/5.0 (Windows NT 10.0; Win64; x64; rv:62.0) Gecko/20100101 Firefox/62.0
4	184	7	5	23	26604062	26604062	26604061	26594290	26594298	26594290	8807103	Mozilla/5.0 (Windows NT 10.0; Win64; x64) AppleWebKit/537.36 (KHTML, like Gecko) Chrome/84.0.4147.89 Safari/537.36
4	1	1	0	0	26402671	0	0	26402671	0	0	29105	Mozilla/5.0 (Linux; U; Android 8.1.0; zh-CN; EML-AL00 Build/HUAWEIEML-AL00) AppleWebKit/537.36 (KHTML, like Gecko) Version/4.0 Chrome/57.0.2987.108 baidu.sogo.uc.UCBrowser/11.9.4.974 UWS/2.13.1.48 Mobile Safari/537.36 AliApp(DingTalk/4.5.11) com.alibaba.android.rimet/10487439 Channel/227200 language/zh-CN
4	0	0	2	2	0	26594343	26594343	0	26594339	26594339	0	Mozilla/5.0 (Linux; Android 6.0.1; SM-G532M Build/MMB29T) AppleWebKit/537.36 (KHTML, like Gecko) Chrome/69.0.3497.100 Mobile Safari/537.36
4	24	0	0	0	26797572	0	0	26797515	0	0	1107229	Mozilla/5.0 (X11; Linux x86_64) AppleWebKit/537.36 (KHTML, like Gecko) Chrome/87.0.4280.66 Safari/537.36
4	22	10	0	0	26893289	0	0	26831580	0	0	76918	Mozilla/5.0 (compatible; YandexBot/3.0; +http://yandex.com/bots)
4	0	0	1	1	0	26594343	26594343	0	26594343	26594343	0	Mozilla/5.0 (Windows NT 10.0; Win64; x64; rv:75.0) Gecko/20100101 Firefox/75.0
4	0	0	1	1	0	26594339	26594339	0	26594339	26594339	0	Mozilla/5.0 (Windows NT 10.0; Win64; x64; rv:61.0) Gecko/20100101 Firefox/61.0
4	1	1	0	0	26382419	0	0	26382419	0	0	29117	Mozilla/5.0 (Linux; U; Android 9; zh-cn; MI 6 Build/PKQ1.190118.001) AppleWebKit/537.36 (KHTML, like Gecko) Version/4.0 Chrome/66.0.3359.126 MQQBrowser/10.1 Mobile Safari/537.36
4	1	0	0	0	26756499	0	0	26756499	0	0	491448	Mozilla/5.0 (Linux; Android 9; SM-N960F Build/PPR1.180610.011; wv) AppleWebKit/537.36 (KHTML, like Gecko) Version/4.0 Chrome/72.0.3626.121 Mobile Safari/537.36 GSA/11.19.13.21.arm64
4	4	4	0	0	26887586	0	0	26638613	0	0	147997	Mozilla/5.0 (X11; Linux x86_64) AppleWebKit/537.36 (KHTML, like Gecko) Chrome/58.0.3029.110 Safari/537.36
4	6	6	0	0	26851692	0	0	26692970	0	0	49663	Mozilla/5.0 (X11; Linux x86_64) AppleWebKit/537.36 (KHTML, like Gecko) Chrome/85.0.4183.102 Safari/537.36
4	0	0	1	1	0	26594340	26594340	0	26594340	26594340	0	Mozilla/5.0 (Windows NT 10.0; Win64; x64) AppleWebKit/537.36 (KHTML, like Gecko) Chrome/75.0.3770.100 Safari/537.36
4	0	0	1	1	0	26594331	26594331	0	26594331	26594331	0	Mozilla/5.0 (Windows NT 10.0; Win64; x64) AppleWebKit/537.36 (KHTML, like Gecko) Chrome/79.0.3945.117 Safari/537.36
4	0	0	6	27	0	26696779	26696802	0	26696774	26696774	0	Mozilla/5.0 (X11; Ubuntu; Linux x86_64; rv:62.0) Gecko/20100101 Firefox/62.0
4	2	2	0	0	26775953	0	0	26727501	0	0	0	Mozilla/5.0 (Windows NT 10.0) AppleWebKit/537.36 (KHTML, like Gecko) Chrome/40.0.2214.93 Safari/537.36
4	2	2	0	0	26382419	0	0	26380881	0	0	58234	Mozilla/5.0 (X11; Linux x86_64) AppleWebKit/537.36 (KHTML, like Gecko) HeadlessChrome/68.0.3440.106 Safari/537.36
4	13	0	0	0	26750282	0	0	26750282	0	0	132219	Mozilla/5.0 (Windows NT 6.1; WOW64) AppleWebKit/534+ (KHTML, like Gecko) BingPreview/1.0b
4	2	2	0	0	26402671	0	0	26382419	0	0	58234	Mozilla/5.0 (Linux; Android 4.2.1; en-us; Nexus 5 Build/JOP40D) AppleWebKit/535.19 (KHTML, like Gecko; googleweblight) Chrome/38.0.1025.166 Mobile Safari/535.19
4	1	1	0	0	26722885	0	0	26722885	0	0	8379	curl/7.68.0
4	1	0	0	0	26829742	0	0	26829742	0	0	491448	Mozilla/5.0 (Linux; Android 5.0.1; Lenovo TAB 2 A7-30HC) AppleWebKit/537.36 (KHTML, like Gecko) Chrome/87.0.4280.101 Safari/537.36
4	1	1	0	0	26391060	0	0	26391060	0	0	29117	Mozilla/5.0 (iPhone; CPU iPhone OS 13_3 like Mac OS X) AppleWebKit/605.1.15 (KHTML, like Gecko) CriOS/80.0.3987.95 Mobile/15E148 Safari/604.1
4	0	0	2	1	0	26594352	26594352	0	26594340	26594352	0	Mozilla/5.0 (Windows NT 5.1; rv:51.0) Gecko/20100101 Firefox/51.0
4	705	179	0	18	26893721	0	26616033	26486839	0	26487077	3241391	Mozilla/5.0 (compatible; AhrefsBot/6.1; +http://ahrefs.com/robot/)
4	2	2	0	0	26426641	0	0	26418726	0	0	13709	Mozilla/5.0 (Windows NT 10.0; Win64; x64; rv:71.0) Gecko/20100101 Firefox/71.0
4	48	2	0	0	26836955	0	0	26836867	0	0	812893	Mozilla/5.0 (X11; Linux x86_64) AppleWebKit/537.36 (KHTML, like Gecko) Chrome/87.0.4280.88 Safari/537.36
4	29	2	0	1	26380406	0	26380406	26379627	0	26380406	1598911	Mozilla/5.0 (iPhone; CPU iPhone OS 13_1 like Mac OS X) AppleWebKit/605.1.15 (KHTML, like Gecko) Version/13.0.1 Mobile/15E148 Safari/604.1
4	0	0	2	1	0	26594343	26594343	0	26594343	26594343	0	Mozilla/5.0 (Windows NT 6.1; WOW64; rv:51.0) Gecko/20100101 Firefox/51.0
4	32	5	0	99	26898900	0	26899330	26750227	0	26893173	1765905	Mozilla/5.0 (compatible; bingbot/2.0; +http://www.bing.com/bingbot.htm)
4	0	0	1	0	0	26597308	0	0	26597308	0	0	Mozilla/5.0 (X11; Ubuntu; Linux x86_64; rv:58.0) Gecko/20100101 Firefox/58.0
4	5	5	0	0	26852374	0	0	26561813	0	0	38862	Mozilla/5.0 (Macintosh; Intel Mac OS X 10_14_6) AppleWebKit/537.36 (KHTML, like Gecko) Chrome/76.0.3809.132 Safari/537.36
4	49	2	1	1	26890064	26890064	26890064	26890064	26890064	26890064	5044093	Mozilla/5.0 (Windows NT 10.0; Win64; x64) AppleWebKit/537.36 (KHTML, like Gecko) Chrome/88.0.4324.104 Safari/537.36
4	39	2	0	2	26788014	0	26756072	26756072	0	26756072	6342996	Mozilla/5.0 (Windows NT 10.0; Win64; x64) AppleWebKit/537.36 (KHTML, like Gecko) Chrome/86.0.4240.198 Safari/537.36
4	1	1	0	0	26419851	0	0	26419851	0	0	29117	OCR Search (+https://www.ocrsearch.com/bot.html)
4	2	2	0	0	26608833	0	0	26603825	0	0	14857	Mozilla/5.0 (X11; Linux x86_64) AppleWebKit/537.36 (KHTML, like Gecko) Chrome/78.0.3904.108 Safari/537.36
4	1	0	0	0	26724765	0	0	26724765	0	0	155959	Mozilla/5.0 (Linux; Android 6.0.1; SAMSUNG SM-G532F) AppleWebKit/537.36 (KHTML, like Gecko) SamsungBrowser/11.2 Chrome/75.0.3770.143 Mobile Safari/537.36
4	1	1	0	0	26391060	0	0	26391060	0	0	29117	Mozilla/5.0 (Windows NT 6.1; WOW64) AppleWebKit/537.21 (KHTML, like Gecko) Chrome/41.0.2228.0 Safari/537.21
4	0	0	1	1	0	26594343	26594343	0	26594343	26594343	0	Mozilla/5.0 (Windows NT 10.0; Win64; x64) AppleWebKit/537.36 (KHTML, like Gecko) Chrome/70.0.3538.102 Safari/537.36 Edge/18.18362
4	0	0	0	10	0	0	26769980	0	0	26769941	0	Python/3.8 aiohttp/3.7.3
4	1	1	0	0	26385299	0	0	26385299	0	0	29105	Mozilla/5.0 (iPhone; CPU iPhone OS 13_3 like Mac OS X) AppleWebKit/605.1.15 (KHTML, like Gecko) Version/13.0.4 Mobile/15E148 Safari/604.1
4	1	1	0	0	26388347	0	0	26388347	0	0	29267	Mozilla/5.0 (Windows NT 10.0; WOW64; Trident/7.0; MATBJS; rv:11.0) like Gecko
4	2	2	0	0	26385299	0	0	26380881	0	0	58234	Mozilla/5.0 (Linux; Android 7.0; SAMSUNG SM-G950F Build/NRD90M) AppleWebKit/537.36 (KHTML, like Gecko) SamsungBrowser/5.2 Chrome/51.0.2704.106 Mobile Safari/537.36
4	37	37	0	0	26611777	0	0	26396240	0	0	256867	Mozilla/5.0 (X11; Linux x86_64) AppleWebKit/537.36 (KHTML, like Gecko) Chrome/79.0.3945.79 Safari/537.36
4	3	3	0	0	26870371	0	0	26790104	0	0	111957	Mozilla/5.0 (compatible; NetcraftSurveyAgent/1.0; +info@netcraft.com)
4	67	4	3	5	26607084	26607083	26607083	26606520	26606552	26606520	3179656	Mozilla/5.0 (Windows NT 10.0; Win64; x64) AppleWebKit/537.36 (KHTML, like Gecko) Chrome/84.0.4147.105 Safari/537.36
4	3	3	0	0	26880828	0	0	26385299	0	0	42222	Mozilla/5.0 (Windows NT 10.0; Win64; x64) AppleWebKit/537.36 (KHTML, like Gecko) Chrome/80.0.3987.122 Safari/537.36
4	1	1	0	0	26594340	0	0	26594340	0	0	7397	Mozilla/5.0 (Windows NT 6.3; WOW64; rv:52.0) Gecko/20100101 Firefox/52.0
4	1	1	0	0	26594334	0	0	26594334	0	0	7401	Mozilla/5.0 (Windows NT 10.0; Win64; x64; rv:66.0) Gecko/20100101 Firefox/66.0
4	0	0	1	1	0	26594352	26594352	0	26594352	26594352	0	Mozilla/5.0 (iPhone; CPU iPhone OS 10_3_3 like Mac OS X) AppleWebKit/603.3.8 (KHTML, like Gecko) Version/10.0 Mobile/14G60 Safari/602.1
4	55	2	0	0	26741756	0	0	26741756	0	0	1460433	Mozilla/5.0 (Windows NT 10.0; Win64; x64) AppleWebKit/537.36 (KHTML, like Gecko) Chrome/86.0.4240.111 Safari/537.36
4	10	10	0	0	26848765	0	0	26396327	0	0	0	Mozilla/5.0 (Windows NT 6.1; Win64; x64) AppleWebKit/537.36 (KHTML, like Gecko) Chrome/40.0.2214.85 Safari/537.36
4	836	211	2	34	26895141	26847928	26893819	26643082	26705857	26644626	5389069	Mozilla/5.0 (compatible; AhrefsBot/7.0; +http://ahrefs.com/robot/)
5	3	1	0	0	26757654	0	0	26705685	0	0	19858	54.36.148.167
5	2	0	0	0	26608014	0	0	26557471	0	0	48	54.36.148.166
5	8	1	0	0	26894611	0	0	26590955	0	0	49910	54.36.148.165
5	3	0	0	0	26731043	0	0	26705775	0	0	22312	54.36.148.163
5	0	0	0	10	0	0	26769980	0	0	26769941	0	82.217.91.74
5	2	1	0	0	26663311	0	0	26646124	0	0	7477	54.36.148.162
5	0	0	0	1	0	0	26696791	0	0	26696791	0	45.10.164.181
5	3	2	0	0	26849213	0	0	26516268	0	0	20789	54.36.148.161
5	0	0	1	1	0	26696775	26696775	0	26696775	26696775	0	146.185.201.236
5	0	0	1	1	0	26594352	26594352	0	26594352	26594352	0	38.145.96.137
5	3	1	0	0	26855412	0	0	26500431	0	0	6607	54.36.148.159
5	1	0	0	0	26697659	0	0	26697659	0	0	1054	54.36.148.160
5	5	0	0	0	26861752	0	0	26487485	0	0	31437	54.36.148.158
5	3	0	0	0	26863313	0	0	26487456	0	0	5000	54.36.148.157
5	5	2	0	1	26784845	0	26682921	26497546	0	26682921	27903	54.36.148.156
5	5	3	0	0	26724050	0	0	26500584	0	0	35469	54.36.148.155
5	3	2	0	0	26767476	0	0	26644626	0	0	15195	54.36.148.154
5	3	1	0	0	26727209	0	0	26658981	0	0	8433	54.36.148.153
5	6	2	1	0	26795974	26705857	0	26526765	26705857	0	32666	54.36.148.152
5	1	0	0	0	26726032	0	0	26726032	0	0	24	54.36.148.151
5	3	1	0	0	26797601	0	0	26559305	0	0	14654	54.36.148.150
5	1	0	0	0	26580112	0	0	26580112	0	0	5303	54.36.148.149
5	1	1	0	1	26504522	0	26644626	26504522	0	26644626	7176	54.36.148.148
5	54	19	0	0	26872798	0	0	26532220	0	0	338185	54.36.148.147
5	2	1	0	0	26748123	0	0	26732273	0	0	7427	54.36.148.146
5	1	1	0	0	26667141	0	0	26667141	0	0	7453	54.36.148.145
5	3	1	0	0	26883187	0	0	26607477	0	0	17783	54.36.148.144
5	1	0	0	0	26867010	0	0	26867010	0	0	24	54.36.148.143
5	2	0	0	0	26664801	0	0	26487704	0	0	5267	54.36.148.142
5	1	0	0	0	26875799	0	0	26875799	0	0	5827	207.46.13.150
5	3	0	0	0	26883081	0	0	26487550	0	0	17355	54.36.148.141
5	2	0	0	0	26571723	0	0	26521365	0	0	5439	54.36.148.139
5	4	0	0	0	26800025	0	0	26487127	0	0	19666	54.36.148.140
5	2	0	0	0	26768779	0	0	26733595	0	0	5931	54.36.148.138
5	0	0	0	1	0	0	26605184	0	0	26605184	0	54.36.148.137
5	3	1	0	0	26784888	0	0	26613367	0	0	18989	54.36.148.136
5	2	0	0	0	26753768	0	0	26700813	0	0	16307	54.36.148.135
5	1	0	0	0	26500124	0	0	26500124	0	0	5135	54.36.148.134
5	3	0	0	0	26762253	0	0	26501050	0	0	14172	54.36.148.133
5	38	2	0	2	26756073	0	26756072	26756072	0	26756072	6187037	5.52.122.140
5	1	1	0	0	26834527	0	0	26834527	0	0	8042	207.46.13.141
5	3	0	0	0	26682296	0	0	26539469	0	0	6767	54.36.148.132
5	5	2	0	0	26738685	0	0	26487491	0	0	36061	54.36.148.131
5	5	2	0	0	26867010	0	0	26519115	0	0	19958	54.36.148.129
5	1	0	0	1	26883411	0	26765756	26883411	0	26765756	24	54.36.148.130
5	2	0	0	0	26768785	0	0	26672520	0	0	5816	54.36.148.128
5	2	0	0	0	26894733	0	0	26848592	0	0	10829	54.36.148.127
5	1	0	0	0	26467964	0	0	26467964	0	0	24	66.249.64.29
5	4	1	0	0	26766940	0	0	26597082	0	0	13415	54.36.148.126
5	0	0	0	1	0	0	26696792	0	0	26696792	0	142.54.232.1
5	4	1	0	0	26862409	0	0	26555963	0	0	6630	54.36.148.125
5	0	0	0	1	0	0	26467964	0	0	26467964	0	66.249.64.28
5	1	0	0	0	26705106	0	0	26705106	0	0	9040	54.36.148.124
5	2	0	0	0	26793729	0	0	26644273	0	0	5411	54.36.148.123
5	0	0	0	1	0	0	26764771	0	0	26764771	0	54.36.148.122
5	2	1	0	0	26614678	0	0	26607317	0	0	14176	54.36.148.121
5	3	1	0	1	26782753	0	26893819	26500513	0	26893819	15083	54.36.148.119
5	2	0	0	0	26719400	0	0	26686222	0	0	11942	54.36.148.120
5	3	1	0	0	26847941	0	0	26492843	0	0	14179	54.36.148.118
5	2	0	0	0	26532093	0	0	26521210	0	0	8159	54.36.148.99
5	5	2	0	0	26698397	0	0	26511768	0	0	19799	54.36.148.117
5	0	0	0	1	0	0	26696783	0	0	26696783	0	194.104.10.66
5	4	1	0	0	26855310	0	0	26583023	0	0	19595	54.36.148.98
5	2	1	0	0	26743460	0	0	26708877	0	0	14051	54.36.148.97
5	3	0	0	0	26884083	0	0	26614965	0	0	17342	54.36.148.116
5	9	1	0	1	26872192	0	26740358	26501095	0	26740358	36923	54.36.148.115
5	2	0	0	1	26643210	0	26612629	26502024	0	26612629	13409	54.36.148.96
5	5	5	0	1	26845593	0	26838110	26771669	0	26838110	196938	51.15.205.3
5	2	0	0	1	26740427	0	26710135	26487577	0	26710135	12584	54.36.148.114
5	3	0	0	0	26594074	0	0	26487091	0	0	13444	54.36.148.94
5	2	1	0	0	26883295	0	0	26496057	0	0	13346	54.36.148.113
5	2	0	0	0	26800604	0	0	26610095	0	0	48	54.36.148.93
5	1	0	0	0	26695539	0	0	26695539	0	0	5446	54.36.148.112
5	5	3	0	0	26828273	0	0	26514552	0	0	27375	54.36.148.92
5	4	0	0	0	26742900	0	0	26594839	0	0	17502	54.36.148.111
5	3	0	0	0	26872539	0	0	26604370	0	0	17739	54.36.148.110
5	3	0	0	0	26860448	0	0	26511221	0	0	12269	54.36.148.91
5	3	0	0	0	26768759	0	0	26718226	0	0	13648	54.36.148.109
5	3	0	0	0	26714860	0	0	26521261	0	0	17068	54.36.148.89
5	3	0	0	0	26861903	0	0	26520786	0	0	19005	54.36.148.108
5	3	2	0	0	26766384	0	0	26487331	0	0	20120	54.36.148.90
5	4	0	0	0	26781363	0	0	26670320	0	0	23505	54.36.148.88
5	1	1	0	0	26743887	0	0	26743887	0	0	7325	54.36.148.107
5	4	1	0	0	26894905	0	0	26487555	0	0	23716	54.36.148.106
5	3	1	0	0	26888778	0	0	26714581	0	0	16672	54.36.148.87
5	2	0	0	0	26750663	0	0	26681076	0	0	5413	54.36.148.105
5	3	0	0	0	26780575	0	0	26677603	0	0	21851	54.36.148.86
5	2	1	0	0	26865989	0	0	26773771	0	0	13516	54.36.148.85
5	2	0	0	0	26603932	0	0	26574481	0	0	11672	54.36.148.104
5	1	1	0	0	26865061	0	0	26865061	0	0	6559	54.36.148.84
5	37	1	0	0	26836867	0	0	26836867	0	0	786903	5.209.154.180
5	1	0	0	0	26705200	0	0	26705200	0	0	8963	54.36.148.103
5	3	2	0	0	26848168	0	0	26521407	0	0	22842	54.36.148.102
5	1	1	0	0	26887870	0	0	26887870	0	0	6561	54.36.148.82
5	4	1	0	1	26689410	0	26605178	26504522	0	26605178	19546	54.36.148.101
5	4	1	0	1	26758854	0	26678916	26501424	0	26678916	17647	54.36.148.100
5	2	0	0	0	26705412	0	0	26612537	0	0	12668	54.36.148.81
5	2	0	0	0	26796262	0	0	26650307	0	0	12374	54.36.148.80
5	3	0	0	0	26793616	0	0	26721363	0	0	12094	54.36.148.79
5	23	1	0	0	26840698	0	0	26840698	0	0	126597	171.13.14.84
5	2	1	0	0	26849005	0	0	26736775	0	0	12896	54.36.148.78
5	0	0	0	1	0	0	26696793	0	0	26696793	0	213.251.40.3
5	2	1	0	0	26694808	0	0	26675746	0	0	8389	54.36.148.77
5	1	1	0	1	26770439	0	26768932	26770439	0	26768932	42272	163.172.180.25
5	3	1	0	0	26709062	0	0	26487472	0	0	18603	54.36.148.76
5	7	3	0	0	26774516	0	0	26521265	0	0	35587	54.36.148.75
5	2	0	0	0	26680849	0	0	26580201	0	0	13741	54.36.148.74
5	2	0	0	0	26859846	0	0	26500432	0	0	4976	54.36.148.73
5	2	0	0	0	26678839	0	0	26521371	0	0	10800	54.36.148.72
5	1	1	0	0	26722885	0	0	26722885	0	0	8379	188.165.239.211
5	5	1	0	0	26857499	0	0	26521291	0	0	20886	54.36.148.71
5	4	1	0	0	26872640	0	0	26583767	0	0	29764	54.36.148.69
5	4	1	0	1	26860529	0	26669157	26501672	0	26669157	23603	54.36.148.70
5	3	1	0	0	26776454	0	0	26493084	0	0	12593	54.36.148.68
5	1	0	0	0	26721753	0	0	26721753	0	0	1446737	51.15.249.251
5	6	0	0	0	26882792	0	0	26579381	0	0	27672	54.36.148.66
5	3	1	0	0	26858344	0	0	26602768	0	0	18366	54.36.148.65
5	2	1	0	0	26881955	0	0	26507454	0	0	12032	54.36.148.64
5	4	1	0	0	26743282	0	0	26490263	0	0	26332	54.36.148.63
5	4	1	0	0	26883653	0	0	26517968	0	0	18289	54.36.148.62
5	1	0	0	0	26848810	0	0	26848810	0	0	6727	54.36.148.61
5	1	0	0	0	26690475	0	0	26690475	0	0	8923	54.36.148.59
5	4	2	0	0	26795304	0	0	26493568	0	0	21353	54.36.148.60
5	4	0	0	0	26780331	0	0	26716324	0	0	26599	54.36.148.58
5	1	1	0	0	26379826	0	0	26379826	0	0	6867	52.32.216.229
5	5	2	0	1	26849944	0	26599790	26697970	0	26599790	35837	54.36.148.56
5	4	0	0	0	26748025	0	0	26520778	0	0	11793	54.36.148.55
5	3	1	0	0	26796139	0	0	26597746	0	0	18780	54.36.148.54
5	4	2	0	0	26793729	0	0	26670777	0	0	20867	54.36.148.53
5	0	0	1	1	0	26594332	26594332	0	26594332	26594332	0	38.145.85.130
5	3	0	0	0	26883720	0	0	26706173	0	0	12768	54.36.148.52
5	3	1	0	0	26848500	0	0	26729996	0	0	18813	54.36.148.51
5	3	1	0	0	26895141	0	0	26487372	0	0	18126	54.36.148.50
5	5	1	0	1	26774665	0	26870429	26502970	0	26870429	13295	54.36.148.49
5	3	1	0	0	26883132	0	0	26505900	0	0	19677	54.36.148.48
5	5	2	0	0	26774738	0	0	26516834	0	0	33954	54.36.148.47
5	3	1	0	0	26885522	0	0	26574284	0	0	16330	54.36.148.45
5	4	0	0	0	26883516	0	0	26604762	0	0	19306	54.36.148.44
5	5	2	0	0	26827399	0	0	26520305	0	0	38978	54.36.148.43
5	5	2	0	0	26707196	0	0	26487110	0	0	27508	54.36.148.42
5	3	0	0	0	26774570	0	0	26519698	0	0	14742	54.36.148.41
5	4	0	0	0	26752590	0	0	26487678	0	0	19498	54.36.148.40
5	2	0	0	0	26847923	0	0	26487114	0	0	9624	54.36.148.39
5	4	1	0	0	26859928	0	0	26500171	0	0	23827	54.36.148.38
5	1	1	0	0	26597082	0	0	26597082	0	0	7397	54.36.148.37
5	4	0	0	0	26795452	0	0	26682366	0	0	18138	54.36.148.36
5	1	1	0	0	26380881	0	0	26380881	0	0	29117	172.255.125.171
5	4	1	0	0	26746542	0	0	26528997	0	0	25586	54.36.148.35
5	7	3	0	0	26771585	0	0	26487123	0	0	40846	54.36.148.34
5	4	0	0	0	26883492	0	0	26521224	0	0	25989	54.36.148.33
5	5	0	0	0	26848702	0	0	26673411	0	0	22801	54.36.148.32
5	5	1	0	0	26759540	0	0	26516268	0	0	21484	54.36.148.31
5	1	1	0	0	26847085	0	0	26847085	0	0	7987	5.255.231.65
5	1	0	0	0	26616968	0	0	26616968	0	0	6722	54.36.148.30
5	2	0	0	0	26885275	0	0	26768502	0	0	7261	54.36.148.29
5	6	1	0	0	26871678	0	0	26500663	0	0	24665	54.36.148.28
5	59	27	0	1	26799557	0	26552811	26513431	0	26552811	381286	54.36.148.27
5	3	0	0	0	26883609	0	0	26604085	0	0	21002	54.36.148.26
5	3	0	0	0	26660829	0	0	26521213	0	0	13435	54.36.148.25
5	5	0	0	0	26848629	0	0	26688921	0	0	31671	54.36.148.24
5	3	0	0	1	26801177	0	26793781	26680208	0	26793781	17381	54.36.148.23
5	2	0	0	0	26784617	0	0	26487574	0	0	5267	54.36.148.22
5	2	0	0	1	26681943	0	26520689	26503045	0	26520689	11657	54.36.148.21
5	3	1	0	0	26596418	0	0	26491250	0	0	15266	54.36.148.19
5	2	1	0	1	26660829	0	26487477	26585348	0	26487477	15062	54.36.148.20
5	2	0	0	0	26846436	0	0	26786521	0	0	48	54.36.148.18
5	3	0	0	0	26801862	0	0	26487083	0	0	19257	54.36.148.17
5	4	0	0	0	26872070	0	0	26646124	0	0	12301	54.36.148.16
5	60	2	2	4	26606554	26606553	26606553	26606520	26606552	26606520	2660722	188.245.131.138
5	2	0	0	0	26860488	0	0	26695051	0	0	10701	54.36.148.15
5	2	0	0	0	26745721	0	0	26693762	0	0	907	54.36.148.14
5	3	1	0	0	26870572	0	0	26519698	0	0	18323	54.36.148.13
5	3	1	0	0	26774293	0	0	26489379	0	0	17563	54.36.148.11
5	3	1	0	0	26861314	0	0	26578743	0	0	19347	54.36.148.10
5	2	0	0	0	26793064	0	0	26793064	0	0	48	157.55.39.45
5	1	0	0	1	26548549	0	26548549	26548549	0	26548549	24	66.249.73.148
5	2	0	0	0	26750227	0	0	26750227	0	0	48	157.55.39.34
5	1	1	0	0	26388347	0	0	26388347	0	0	29267	81.133.241.97
5	3	2	0	0	26860500	0	0	26831580	0	0	16229	5.255.253.153
5	10	0	0	2	26898900	0	26893173	26893315	0	26893173	240	157.55.39.24
5	1	1	0	0	26652330	0	0	26652330	0	0	8192	54.185.15.119
5	1	1	0	0	26833700	0	0	26833700	0	0	40076	142.93.67.184
5	2	2	0	2	26844079	0	26845523	26837944	0	26843538	77504	212.47.251.118
5	1	1	0	0	26836587	0	0	26836587	0	0	39105	51.158.108.77
5	0	0	0	1	0	0	26696799	0	0	26696799	0	5.181.170.96
5	0	0	1	1	0	26594343	26594343	0	26594343	26594343	0	181.214.210.144
5	0	0	0	1	0	0	26769466	0	0	26769466	0	51.158.108.61
5	0	0	0	1	0	0	26696794	0	0	26696794	0	135.180.71.18
5	2	0	0	0	26831580	0	0	26831580	0	0	17526	5.255.253.116
5	2	1	0	0	26847085	0	0	26838714	0	0	8015	5.255.253.103
5	1	1	0	0	26866086	0	0	26866086	0	0	6559	116.203.147.140
5	1	0	0	0	26851728	0	0	26851728	0	0	24	5.45.207.158
5	1	0	0	0	26606677	0	0	26606677	0	0	491448	46.166.182.73
5	1	0	0	0	26831580	0	0	26831580	0	0	37220	5.45.207.65
5	0	0	0	1	0	0	26696785	0	0	26696785	0	45.10.166.155
5	0	0	2	1	0	26594343	26594343	0	26594343	26594343	0	104.227.135.125
5	0	0	0	1	0	0	26840012	0	0	26840012	0	51.158.118.231
5	0	0	1	1	0	26594331	26594331	0	26594331	26594331	0	38.131.155.97
5	0	0	1	1	0	26594331	26594331	0	26594331	26594331	0	104.227.135.116
5	0	0	1	1	0	26594343	26594343	0	26594343	26594343	0	191.96.83.98
5	1	1	0	0	26594340	0	0	26594340	0	0	7397	38.131.155.89
5	0	0	1	1	0	26594332	26594332	0	26594332	26594332	0	179.61.150.175
5	1	0	0	0	26406517	0	0	26406517	0	0	24	66.249.72.5
5	0	0	1	1	0	26594338	26594338	0	26594338	26594338	0	104.227.135.35
5	0	0	1	1	0	26594338	26594338	0	26594338	26594338	0	191.101.213.4
5	0	0	0	1	0	0	26406517	0	0	26406517	0	66.249.72.1
5	1	0	0	0	26893315	0	0	26893315	0	0	50326	13.66.139.124
5	1	1	0	0	26638562	0	0	26638562	0	0	0	138.197.147.71
5	4	1	0	0	26883205	0	0	26831580	0	0	38188	5.45.207.118
5	1	1	0	0	26880400	0	0	26880400	0	0	7523	13.66.139.106
5	0	0	1	1	0	26696779	26696779	0	26696779	26696779	0	5.181.170.102
5	0	0	1	1	0	26696779	26696779	0	26696779	26696779	0	101.100.169.42
5	1	1	0	0	26649579	0	0	26649579	0	0	32990	18.237.80.191
5	0	0	0	1	0	0	26696791	0	0	26696791	0	94.158.23.109
5	1	0	0	0	26655650	0	0	26655650	0	0	155959	95.82.50.249
5	1	0	0	0	26831580	0	0	26831580	0	0	4196	5.255.231.167
5	1	0	0	0	26829742	0	0	26829742	0	0	491448	37.254.241.91
5	1	1	0	0	26569500	0	0	26569500	0	0	30817	34.220.142.21
5	1	1	0	0	26775953	0	0	26775953	0	0	0	35.230.59.204
5	1	0	0	16	26893840	0	26899030	26893840	0	26893719	5650	13.66.139.78
5	2	0	0	0	26876449	0	0	26831580	0	0	8082	5.255.231.136
5	1	0	0	1	26415543	0	26415543	26415543	0	26415543	24	66.249.73.64
5	2	0	0	0	26838714	0	0	26831580	0	0	441	5.255.231.130
5	2	0	0	48	26894337	0	26899203	26893847	0	26893712	1565810	13.66.139.67
5	2	0	0	2	26634027	0	26686441	26623491	0	26626023	48	66.249.64.247
5	1	0	0	0	26686441	0	0	26686441	0	0	24	66.249.64.245
5	2	0	0	6	26625544	0	26634027	26613161	0	26605133	48	66.249.64.243
5	0	0	0	1	0	0	26696802	0	0	26696802	0	193.187.95.136
5	1	0	0	3	26619508	0	26613161	26619508	0	26605922	24	66.249.64.241
5	4	0	0	4	26621019	0	26621019	26584093	0	26584093	96	66.249.64.239
5	1	1	0	0	26521384	0	0	26521384	0	0	7158	54.36.149.99
5	5	0	0	0	26752387	0	0	26487118	0	0	28454	54.36.149.98
5	7	0	0	0	26748858	0	0	26521282	0	0	31742	54.36.149.97
5	2	0	0	0	26849509	0	0	26603732	0	0	9589	54.36.149.94
5	4	1	0	1	26883949	0	26712715	26598527	0	26712715	20668	54.36.149.93
5	2	0	0	0	26793087	0	0	26740032	0	0	12391	54.36.149.92
5	3	0	0	0	26715870	0	0	26487107	0	0	12255	54.36.149.91
5	2	0	0	0	26784974	0	0	26780208	0	0	7586	54.36.149.89
5	4	1	0	0	26862127	0	0	26500473	0	0	24530	54.36.149.90
5	3	1	0	0	26854835	0	0	26554485	0	0	13571	54.36.149.88
5	7	1	0	0	26847969	0	0	26487729	0	0	37589	54.36.149.87
5	1	1	0	0	26831744	0	0	26831744	0	0	8042	13.66.139.37
5	5	3	0	0	26779359	0	0	26487087	0	0	36971	54.36.149.86
5	2	0	0	2	26450046	0	26450046	26400973	0	26400974	48	66.249.64.224
5	3	0	0	0	26715273	0	0	26521299	0	0	12717	54.36.149.85
5	1	1	0	0	26608833	0	0	26608833	0	0	7482	51.158.102.212
5	2	0	0	0	26643184	0	0	26612123	0	0	10674	54.36.149.84
5	2	1	0	0	26727466	0	0	26518528	0	0	14475	54.36.149.83
5	2	0	0	0	26521326	0	0	26507982	0	0	5440	54.36.149.82
5	2	0	0	0	26847855	0	0	26797879	0	0	12316	54.36.149.81
5	4	1	0	0	26800147	0	0	26691491	0	0	17313	54.36.149.80
5	2	0	0	0	26869043	0	0	26763811	0	0	48	54.36.149.79
5	3	1	0	0	26710197	0	0	26581497	0	0	21201	54.36.149.78
5	2	0	0	0	26895056	0	0	26605702	0	0	14088	54.36.149.77
5	3	1	0	0	26860280	0	0	26501715	0	0	18612	54.36.149.76
5	1	0	0	0	26737381	0	0	26737381	0	0	8530	54.36.149.75
5	72	2	3	6	26604062	26604062	26604061	26604048	26604050	26604048	3476833	5.208.172.182
5	55	2	0	0	26741756	0	0	26741756	0	0	1460433	188.212.146.99
5	1	1	0	0	26385299	0	0	26385299	0	0	29117	46.101.94.163
5	3	1	0	0	26765253	0	0	26541304	0	0	8433	54.36.149.74
5	2	1	0	0	26670036	0	0	26605734	0	0	14351	54.36.149.73
5	6	1	0	0	26828755	0	0	26487825	0	0	35357	54.36.149.72
5	4	1	0	0	26829142	0	0	26674104	0	0	12195	54.36.149.71
5	3	0	0	0	26769950	0	0	26520768	0	0	11253	54.36.149.69
5	4	0	0	0	26870572	0	0	26503608	0	0	19943	54.36.149.70
5	1	1	0	0	26743038	0	0	26743038	0	0	7332	54.36.149.68
5	1	1	0	0	26793064	0	0	26793064	0	0	8054	157.55.39.199
5	1	1	0	0	26509066	0	0	26509066	0	0	7171	54.36.149.67
5	1	1	0	0	26840177	0	0	26840177	0	0	7995	119.3.173.22
5	2	0	0	0	26691362	0	0	26677172	0	0	13108	54.36.149.66
5	2	0	0	0	26762253	0	0	26758221	0	0	6137	54.36.149.65
5	2	0	0	1	26872962	0	26742471	26705899	0	26742471	12592	54.36.149.64
5	4	2	0	0	26847397	0	0	26574897	0	0	21255	54.36.149.63
5	1	1	0	0	26780208	0	0	26780208	0	0	6956	54.36.149.62
5	2	0	0	33	26895912	0	26899330	26894174	0	26893173	97625	13.66.139.11
5	4	2	0	0	26786521	0	0	26489799	0	0	23806	54.36.149.61
5	1	1	0	0	26770534	0	0	26770534	0	0	38067	51.15.195.246
5	6	0	0	0	26762026	0	0	26573431	0	0	32324	54.36.149.59
5	3	0	0	0	26883321	0	0	26669395	0	0	4616	54.36.149.60
5	4	1	0	0	26829985	0	0	26586369	0	0	17662	54.36.149.58
5	1	0	0	1	26848876	0	26604252	26848876	0	26604252	6071	54.36.149.57
5	3	0	0	0	26849509	0	0	26520301	0	0	13617	54.36.149.56
5	1	0	0	0	26616960	0	0	26616960	0	0	24	54.36.149.55
5	1	1	0	0	26391060	0	0	26391060	0	0	29117	196.52.84.43
5	5	3	0	0	26886880	0	0	26509596	0	0	28227	54.36.149.53
5	3	0	0	0	26883587	0	0	26710517	0	0	20210	54.36.149.52
5	0	0	1	1	0	26594339	26594339	0	26594339	26594339	0	179.61.189.49
5	2	0	0	0	26742301	0	0	26701519	0	0	8450	54.36.149.50
5	5	3	0	0	26753087	0	0	26501918	0	0	22023	54.36.149.49
5	5	0	0	0	26872334	0	0	26500291	0	0	24153	54.36.149.48
5	3	1	0	0	26721093	0	0	26504153	0	0	15018	54.36.149.47
5	4	2	0	0	26894265	0	0	26589285	0	0	25651	54.36.149.46
5	2	2	0	0	26649750	0	0	26649750	0	0	14924	3.133.118.131
5	1	0	0	0	26612168	0	0	26612168	0	0	7688	54.36.149.45
5	2	1	0	0	26848940	0	0	26740145	0	0	13754	54.36.149.44
5	1	1	0	0	26594338	0	0	26594338	0	0	7402	181.215.79.166
5	0	0	1	1	0	26594343	26594343	0	26594343	26594343	0	191.96.87.95
5	5	0	0	0	26848035	0	0	26566558	0	0	15182	54.36.149.43
5	4	1	0	0	26789182	0	0	26487079	0	0	27471	54.36.149.42
5	4	0	0	0	26893721	0	0	26704889	0	0	20506	54.36.149.41
5	3	0	0	0	26860075	0	0	26773671	0	0	17612	54.36.149.40
5	6	0	0	0	26848005	0	0	26678350	0	0	37450	54.36.149.39
5	2	1	0	0	26861595	0	0	26604962	0	0	13283	54.36.149.38
5	1	1	0	2	26843036	0	26840164	26843036	0	26770118	39505	51.158.98.24
5	3	1	0	0	26848059	0	0	26512875	0	0	20070	54.36.149.37
5	3	0	0	0	26584473	0	0	26576467	0	0	11068	54.36.149.36
5	3	2	0	0	26829409	0	0	26491760	0	0	19491	54.36.149.35
5	3	1	0	0	26860851	0	0	26487502	0	0	18189	54.36.149.34
5	4	0	0	0	26882772	0	0	26552811	0	0	19122	54.36.149.33
5	2	0	0	0	26662657	0	0	26487466	0	0	8200	54.36.149.29
5	6	1	0	0	26774417	0	0	26583719	0	0	22195	54.36.149.30
5	4	1	0	0	26882827	0	0	26494117	0	0	17270	54.36.149.28
5	2	0	0	0	26728579	0	0	26517967	0	0	7313	54.36.149.27
5	3	0	0	1	26716758	0	26678804	26685503	0	26678804	8055	54.36.149.26
5	3	0	0	0	26830622	0	0	26685954	0	0	11684	54.36.149.25
5	3	0	0	0	26764159	0	0	26504040	0	0	16437	54.36.149.24
5	1	1	0	0	26750228	0	0	26750228	0	0	8526	157.55.39.155
5	3	1	0	0	26764280	0	0	26574094	0	0	14220	54.36.149.23
5	4	2	0	0	26669259	0	0	26520808	0	0	22584	54.36.149.22
5	1	0	0	0	26885275	0	0	26885275	0	0	24	54.36.149.20
5	2	2	0	1	26529549	0	26767198	26527305	0	26767198	14570	54.36.149.19
5	2	1	0	0	26753901	0	0	26647119	0	0	7477	54.36.149.18
5	3	1	0	0	26847949	0	0	26778564	0	0	13113	54.36.149.17
5	3	1	0	0	26830446	0	0	26671598	0	0	18273	54.36.149.16
5	5	2	0	0	26785016	0	0	26490823	0	0	29112	54.36.149.15
5	1	1	0	0	26605522	0	0	26605522	0	0	32440	34.221.173.133
5	4	0	0	0	26848611	0	0	26549916	0	0	11505	54.36.149.14
5	3	0	0	0	26753369	0	0	26612172	0	0	13804	54.36.149.12
5	1	1	0	0	26594334	0	0	26594334	0	0	7401	181.215.76.13
5	51	16	0	0	26870000	0	0	26506965	0	0	322181	54.36.149.11
5	5	1	0	0	26785141	0	0	26487099	0	0	31364	54.36.149.10
5	5	5	0	0	26611777	0	0	26586815	0	0	37061	131.220.6.156
5	32	32	0	0	26437791	0	0	26396240	0	0	219806	131.220.6.152
5	0	0	1	1	0	26696779	26696779	0	26696779	26696779	0	77.220.195.235
5	0	0	0	1	0	0	26696786	0	0	26696786	0	146.185.203.67
5	0	0	0	1	0	0	26696787	0	0	26696787	0	185.88.102.46
5	112	5	2	17	26594309	26594308	26594308	26594290	26594298	26594290	5330270	5.74.166.156
5	1	0	0	0	26767532	0	0	26767532	0	0	155959	5.124.146.36
5	0	0	0	1	0	0	26696783	0	0	26696783	0	98.184.33.210
5	0	0	1	0	0	26594340	0	0	26594340	0	0	38.145.84.163
5	11	1	0	0	26836955	0	0	26836955	0	0	25990	199.58.187.70
5	1	1	0	0	26382419	0	0	26382419	0	0	29117	185.220.70.162
5	1	1	0	0	26418726	0	0	26418726	0	0	6849	134.122.55.157
5	1	1	0	0	26761569	0	0	26761569	0	0	42440	35.153.210.60
5	1	1	0	0	26840177	0	0	26840177	0	0	7995	118.190.163.146
5	1	1	0	0	26870371	0	0	26870371	0	0	31807	161.35.189.48
5	1	1	0	0	26402671	0	0	26402671	0	0	29117	185.220.70.137
5	0	0	1	0	0	26768241	0	0	26768241	0	0	51.158.109.3
5	2	2	0	0	26851692	0	0	26851692	0	0	15986	3.17.177.56
5	2	2	0	0	26692970	0	0	26692970	0	0	16246	18.218.136.162
5	0	0	0	1	0	0	26696790	0	0	26696790	0	212.119.46.55
5	0	0	1	1	0	26594340	26594340	0	26594340	26594340	0	38.145.97.220
5	1	0	0	1	26732415	0	26732434	26732415	0	26732434	24	66.249.66.216
5	0	0	0	2	0	0	26732427	0	0	26732415	0	66.249.66.212
5	10	4	0	1	26893289	0	26866491	26831580	0	26866491	31740	213.180.203.28
5	2	0	0	0	26831580	0	0	26831580	0	0	49269	213.180.203.22
5	0	0	1	1	0	26594340	26594340	0	26594340	26594340	0	104.227.68.186
5	1	1	0	0	26561813	0	0	26561813	0	0	7404	39.104.209.77
5	1	0	0	1	26471100	0	26471100	26471100	0	26471100	24	66.249.66.69
5	0	0	0	1	0	0	26434737	0	0	26434737	0	66.249.66.158
5	24	0	0	0	26797572	0	0	26797515	0	0	1107229	91.251.177.163
5	1	0	0	0	26434737	0	0	26434737	0	0	24	66.249.66.156
5	2	2	0	0	26387499	0	0	26387499	0	0	13684	150.249.214.254
5	2	2	0	0	26387499	0	0	26387499	0	0	13778	150.249.214.253
5	1	1	0	0	26469548	0	0	26469548	0	0	6900	150.249.214.249
5	1	1	0	0	26469548	0	0	26469548	0	0	6879	150.249.214.250
5	3	1	0	0	26894398	0	0	26520296	0	0	20277	54.36.149.9
5	6	2	0	0	26865061	0	0	26615484	0	0	20892	54.36.149.8
5	4	1	0	0	26761177	0	0	26487566	0	0	18551	54.36.149.7
5	2	0	0	0	26884331	0	0	26503512	0	0	11190	54.36.149.6
5	7	1	0	0	26869517	0	0	26487461	0	0	32148	54.36.149.5
5	6	3	0	0	26889551	0	0	26515687	0	0	39014	54.36.149.4
5	0	0	1	0	0	26847928	0	0	26847928	0	0	54.36.149.3
5	2	0	0	0	26768799	0	0	26719213	0	0	16232	54.36.149.2
5	1	0	0	0	26643744	0	0	26643744	0	0	6893	54.36.149.1
5	1	1	0	0	26501286	0	0	26501286	0	0	7182	54.36.150.152
5	3	0	0	0	26746141	0	0	26487103	0	0	8054	54.36.149.0
5	1	0	0	2	26473567	0	26436648	26473567	0	26427676	24	66.249.66.31
5	1	1	0	0	26638613	0	0	26638613	0	0	33246	54.161.150.128
5	1	0	0	1	26631953	0	26631953	26631953	0	26631953	24	66.249.66.24
5	1	0	0	5	26599172	0	26603901	26599172	0	26540134	24	66.249.66.20
5	0	0	1	1	0	26696774	26696774	0	26696774	26696774	0	195.133.56.79
5	5	0	0	2	26608836	0	26610159	26540134	0	26601541	120	66.249.66.18
5	3	0	0	3	26610924	0	26608836	26573352	0	26558396	72	66.249.66.16
5	1	0	0	1	26391606	0	26473567	26391606	0	26473567	24	66.249.66.5
5	3	0	0	2	26461695	0	26461695	26427676	0	26391607	72	66.249.66.1
5	0	0	0	1	0	0	26696781	0	0	26696781	0	91.243.90.246
5	28	1	0	1	26380406	0	26380406	26380406	0	26380406	1569809	54.205.80.219
5	1	1	0	0	26775953	0	0	26775953	0	0	0	34.83.128.121
5	2	0	0	0	26781674	0	0	26612173	0	0	5294	54.36.149.107
5	2	0	0	0	26848083	0	0	26795931	0	0	13594	54.36.149.106
5	4	0	0	0	26882735	0	0	26486933	0	0	15765	54.36.149.105
5	2	1	0	0	26578897	0	0	26508524	0	0	12594	54.36.149.104
5	4	3	0	1	26792208	0	26680825	26500869	0	26680825	27037	54.36.149.103
5	1	1	0	1	26500363	0	26610095	26500363	0	26610095	7167	54.36.149.102
5	1	0	0	0	26756499	0	0	26756499	0	0	491448	89.199.221.198
5	3	1	0	0	26739411	0	0	26696148	0	0	23071	54.36.149.101
5	2	1	0	0	26848373	0	0	26515103	0	0	13261	54.36.149.100
5	3	3	0	0	26848765	0	0	26829631	0	0	0	138.246.253.24
5	1	0	0	0	26788014	0	0	26788014	0	0	155959	2.186.244.39
5	7	7	0	0	26474967	0	0	26396327	0	0	0	138.246.253.15
5	3	1	0	0	26848351	0	0	26487125	0	0	16902	54.36.148.9
5	2	1	0	1	26762594	0	26882703	26583164	0	26882703	12670	54.36.148.8
5	3	0	0	0	26883675	0	0	26829320	0	0	4681	54.36.148.7
5	4	1	0	0	26671300	0	0	26496057	0	0	17757	54.36.148.6
5	1	1	0	0	26382419	0	0	26382419	0	0	29117	5.62.60.179
5	4	0	0	0	26773153	0	0	26563267	0	0	15858	54.36.148.5
5	1	1	0	0	26402671	0	0	26402671	0	0	29105	5.62.60.178
5	3	1	0	0	26871552	0	0	26757811	0	0	19237	54.36.148.4
5	1	1	0	0	26385299	0	0	26385299	0	0	29105	5.62.60.177
5	1	0	0	0	26796077	0	0	26796077	0	0	6103	54.36.148.3
5	1	1	0	0	26754719	0	0	26754719	0	0	7405	54.36.148.2
5	4	0	0	0	26792208	0	0	26486839	0	0	4957	54.36.148.1
5	6	0	0	0	26881955	0	0	26487129	0	0	21774	54.36.148.0
5	1	1	0	0	26716241	0	0	26716241	0	0	40504	52.91.236.158
5	1	1	0	0	26380037	0	0	26380037	0	0	29090	172.241.214.249
5	1	1	0	0	26382419	0	0	26382419	0	0	29117	165.227.81.246
5	0	0	1	1	0	26594352	26594352	0	26594352	26594352	0	166.48.252.129
5	1	1	0	0	26852374	0	0	26852374	0	0	8003	147.139.162.248
5	1	1	0	0	26790104	0	0	26790104	0	0	40074	104.131.113.243
5	13	0	0	0	26750282	0	0	26750282	0	0	132219	40.77.191.204
5	0	0	1	1	0	26696774	26696774	0	26696774	26696774	0	194.156.125.248
5	1	1	0	0	26419851	0	0	26419851	0	0	29117	94.130.64.161
5	1	1	0	0	26880828	0	0	26880828	0	0	6558	116.203.118.216
5	1	0	0	0	26529111	0	0	26529111	0	0	24	66.249.71.52
5	1	1	0	0	26380881	0	0	26380881	0	0	29117	37.120.203.70
5	1	1	0	0	26629637	0	0	26629637	0	0	7465	120.24.200.157
5	0	0	0	1	0	0	26529111	0	0	26529111	0	66.249.71.48
5	1	1	0	0	26640242	0	0	26640242	0	0	32990	54.188.66.196
5	6	2	1	1	26607084	26607083	26607083	26607083	26607083	26607083	27486	188.229.24.73
5	0	0	0	1	0	0	26696793	0	0	26696793	0	125.63.72.2
5	0	0	0	1	0	0	26696798	0	0	26696798	0	5.183.254.58
5	1	1	0	0	26887586	0	0	26887586	0	0	31807	54.81.81.169
5	6	3	0	0	26883205	0	0	26831580	0	0	27645	141.8.142.72
5	1	1	0	0	26426641	0	0	26426641	0	0	6860	134.122.57.74
5	0	0	0	1	0	0	26696798	0	0	26696798	0	45.148.126.200
5	1	1	0	0	26603825	0	0	26603825	0	0	7375	51.158.97.248
5	0	0	0	1	0	0	26696786	0	0	26696786	0	193.56.74.13
5	1	1	0	0	26379627	0	0	26379627	0	0	29102	23.94.74.101
5	1	1	0	0	26402671	0	0	26402671	0	0	29117	86.138.75.185
5	0	0	0	1	0	0	26696780	0	0	26696780	0	177.87.60.131
5	1	1	0	0	26382419	0	0	26382419	0	0	29117	89.238.150.247
5	1	1	0	0	26379627	0	0	26379627	0	0	29102	5.62.62.171
5	1	1	0	0	26380037	0	0	26380037	0	0	29102	5.62.62.169
5	1	1	0	0	26380881	0	0	26380881	0	0	29117	5.62.62.170
5	1	1	0	0	26462953	0	0	26462953	0	0	0	159.203.37.156
5	1	1	0	0	26385299	0	0	26385299	0	0	29105	84.17.46.12
5	1	1	0	0	26391060	0	0	26391060	0	0	29117	162.222.195.110
5	0	0	1	0	0	26597308	0	0	26597308	0	0	62.210.10.77
5	3	1	0	0	26676856	0	0	26491250	0	0	12808	54.36.148.255
5	5	1	0	0	26883564	0	0	26614331	0	0	31028	54.36.148.254
5	5	0	0	0	26827864	0	0	26612877	0	0	20895	54.36.148.253
5	2	1	0	0	26848666	0	0	26498576	0	0	13253	54.36.148.252
5	4	0	0	0	26871420	0	0	26500084	0	0	18208	54.36.148.251
5	2	1	0	1	26521275	0	26765970	26486917	0	26765970	12414	54.36.148.249
5	1	0	0	0	26703168	0	0	26703168	0	0	5460	54.36.148.250
5	3	2	0	0	26764614	0	0	26506422	0	0	14707	54.36.148.248
5	1	1	0	0	26727501	0	0	26727501	0	0	0	165.22.225.245
5	3	0	0	0	26743207	0	0	26521376	0	0	14826	54.36.148.247
5	2	0	0	0	26688315	0	0	26676225	0	0	12327	54.36.148.246
5	5	0	0	0	26868235	0	0	26487095	0	0	24622	54.36.148.245
5	1	1	0	0	26735998	0	0	26735998	0	0	8510	54.36.148.243
5	2	0	0	1	26883815	0	26680763	26704679	0	26680763	4678	54.36.148.242
5	2	0	0	0	26604800	0	0	26487544	0	0	11966	54.36.148.241
5	4	2	0	0	26871868	0	0	26616960	0	0	27294	54.36.148.240
5	3	0	0	0	26882786	0	0	26561415	0	0	4803	54.36.148.239
5	0	0	1	0	0	26594340	0	0	26594340	0	0	191.101.106.90
5	4	1	0	1	26883212	0	26501748	26732753	0	26501748	26093	54.36.148.238
5	1	0	0	0	26705817	0	0	26705817	0	0	7271	54.36.148.236
5	5	2	0	0	26854835	0	0	26523093	0	0	24758	54.36.148.235
5	2	1	0	1	26682203	0	26648892	26669395	0	26648892	12739	54.36.148.234
5	1	1	0	0	26402671	0	0	26402671	0	0	29117	199.217.104.239
5	2	1	0	0	26616968	0	0	26499833	0	0	13862	54.36.148.233
5	0	0	1	1	0	26594339	26594339	0	26594339	26594339	0	191.96.82.82
5	1	0	0	0	26726666	0	0	26726666	0	0	8953	54.36.148.232
5	49	2	1	1	26890064	26890064	26890064	26890064	26890064	26890064	5044093	23.19.74.164
5	1	1	0	0	26868021	0	0	26868021	0	0	6556	54.36.148.231
5	17	4	0	1	26848131	0	26701519	26584124	0	26701519	111367	54.36.148.229
5	2	1	0	1	26769241	0	26606534	26751512	0	26606534	14247	54.36.148.230
5	1	0	0	0	26487919	0	0	26487919	0	0	5244	54.36.148.228
5	2	0	0	0	26725813	0	0	26706277	0	0	11746	54.36.148.227
5	4	0	0	0	26890344	0	0	26711209	0	0	16762	54.36.148.226
5	67	9	0	5	26894131	0	26882887	26487075	0	26847659	388554	54.36.148.225
5	42	12	0	1	26783130	0	26712175	26582699	0	26712175	301555	54.36.148.224
5	7	3	0	0	26886880	0	0	26487480	0	0	45794	54.36.148.223
5	2	2	0	0	26762410	0	0	26762410	0	0	17431	18.224.65.216
5	2	1	0	0	26890344	0	0	26612503	0	0	12175	54.36.148.222
5	1	1	0	0	26680035	0	0	26680035	0	0	36059	34.215.45.131
5	95	26	0	3	26884147	0	26781440	26522496	0	26770757	615667	54.36.148.221
5	4	1	0	0	26768796	0	0	26498071	0	0	19823	54.36.148.219
5	3	1	0	0	26871173	0	0	26590016	0	0	18112	54.36.148.220
5	2	0	0	0	26734189	0	0	26709211	0	0	7294	54.36.148.218
5	3	3	0	0	26860769	0	0	26675849	0	0	22396	54.36.148.217
5	1	0	0	0	26578963	0	0	26578963	0	0	5411	54.36.148.215
5	7	2	0	0	26894984	0	0	26517412	0	0	36223	54.36.148.214
5	10	3	0	0	26751799	0	0	26487120	0	0	73770	54.36.148.213
5	2	2	0	0	26845294	0	0	26843026	0	0	78610	163.172.148.199
5	3	1	0	0	26893721	0	0	26729779	0	0	18581	54.36.148.212
5	2	0	0	0	26831743	0	0	26831743	0	0	48	207.46.13.221
5	0	0	0	1	0	0	26696789	0	0	26696789	0	68.71.242.113
5	5	0	0	0	26883387	0	0	26536037	0	0	19926	54.36.148.211
5	4	1	0	0	26745625	0	0	26598527	0	0	21886	54.36.148.209
5	1	0	0	0	26581716	0	0	26581716	0	0	5244	54.36.148.199
5	3	2	0	0	26797106	0	0	26755622	0	0	14957	54.36.148.210
5	4	1	0	0	26792743	0	0	26616970	0	0	20308	54.36.148.198
5	6	2	0	1	26778564	0	26682437	26521217	0	26682437	31601	54.36.148.208
5	4	1	0	1	26888778	0	26520698	26500715	0	26520698	28079	54.36.148.207
5	2	0	0	0	26774394	0	0	26715620	0	0	10744	54.36.148.197
5	2	0	0	0	26880399	0	0	26880399	0	0	48	207.46.13.215
5	2	1	0	0	26710767	0	0	26514001	0	0	13034	54.36.148.196
5	4	2	0	0	26848044	0	0	26607068	0	0	26397	54.36.148.206
5	4	1	0	0	26828440	0	0	26525545	0	0	25412	54.36.148.195
5	0	0	0	1	0	0	26487077	0	0	26487077	0	54.36.148.205
5	2	0	0	0	26830524	0	0	26742683	0	0	14865	54.36.148.194
5	5	2	0	0	26709676	0	0	26486933	0	0	23531	54.36.148.204
5	2	1	0	1	26721533	0	26725208	26691931	0	26725208	9147	54.36.148.203
5	2	0	0	0	26873118	0	0	26873118	0	0	48	207.46.13.212
5	1	1	0	0	26652348	0	0	26652348	0	0	32990	54.188.60.75
5	2	0	0	0	26736435	0	0	26575049	0	0	14225	54.36.148.193
5	1	1	0	1	26846144	0	26846051	26846144	0	26846051	38067	51.158.66.83
5	2	1	0	0	26741403	0	0	26683980	0	0	8532	54.36.148.202
5	4	2	0	0	26736658	0	0	26584473	0	0	22101	54.36.148.192
5	2	0	0	0	26796165	0	0	26487122	0	0	14116	54.36.148.191
5	1	1	0	0	26644113	0	0	26644113	0	0	7462	54.36.148.201
5	2	0	0	0	26615192	0	0	26487560	0	0	6054	54.36.148.200
5	122	41	0	6	26753653	0	26691036	26510673	0	26605322	781080	54.36.148.189
5	0	0	0	1	0	0	26696792	0	0	26696792	0	70.166.167.33
5	3	1	0	0	26848739	0	0	26646740	0	0	18307	54.36.148.188
5	4	2	0	0	26859072	0	0	26551357	0	0	14068	54.36.148.187
5	6	1	0	0	26856565	0	0	26512875	0	0	20174	54.36.148.186
5	2	2	0	0	26495536	0	0	26488138	0	0	14300	54.36.148.185
5	3	0	0	0	26740358	0	0	26521210	0	0	72	54.36.148.184
5	4	1	0	1	26757178	0	26520707	26578844	0	26520707	12924	54.36.148.183
5	2	0	0	0	26861015	0	0	26678773	0	0	12881	54.36.148.182
5	6	1	0	0	26829320	0	0	26581457	0	0	33384	54.36.148.181
5	1	1	0	0	26432084	0	0	26432084	0	0	6891	38.122.112.147
5	2	2	0	0	26744709	0	0	26717222	0	0	15721	54.36.148.180
5	2	0	0	0	26859222	0	0	26758112	0	0	13298	54.36.148.179
5	3	0	0	0	26739643	0	0	26678081	0	0	14817	54.36.148.178
5	4	0	0	0	26882548	0	0	26675424	0	0	17675	54.36.148.177
5	3	1	0	0	26779237	0	0	26658981	0	0	19756	54.36.148.176
5	3	1	0	0	26768645	0	0	26607529	0	0	18966	54.36.148.175
5	3	0	0	0	26785222	0	0	26680801	0	0	19960	54.36.148.174
5	1	0	0	0	26724765	0	0	26724765	0	0	155959	89.34.48.95
5	2	0	0	0	26872263	0	0	26647332	0	0	10550	54.36.148.173
5	2	2	0	0	26659939	0	0	26507982	0	0	14652	54.36.148.172
5	4	2	0	0	26773825	0	0	26494608	0	0	29583	54.36.148.171
5	1	0	0	0	26575220	0	0	26575220	0	0	8034	54.36.148.170
5	2	0	0	0	26738912	0	0	26537951	0	0	7437	54.36.148.169
5	4	0	0	0	26743887	0	0	26608218	0	0	15976	54.36.148.168
5	0	0	1	1	0	26594352	26594352	0	26594352	26594352	0	205.237.95.166
z	0	44	15	26890064	0
z	1	15	0	26890064	15
z	2	265	0	26898900	6380
z	3	117	0	26895912	89548
z	4	1593	497	26895141	10020553
z	5	201	49	26894174	8102171
z	6	75	0	26894337	20263383
z	7	4	0	26893847	5786948
c	200	2280	26898900
c	206	34	26890064
c	301	27	26696779
c	302	11	26890064
c	399	1	26768241
c	401	9	26846051
c	404	222	26899330
c	500	59	26893819
